889,450,899,550,704,547,703,431,یلدا
693,437,697,554,458,564,441,452,شاپ
1064,687,945,687,960,726,1068,722,هوالرزاق
1062,522,1063,539,1030,540,1030,520,عطر
1017,519,1017,539,982,539,978,516,ادکلن
1062,562,1066,586,1032,585,1032,562,لوازم
1028,559,1027,581,987,579,985,559,کاشت
979,559,983,578,950,577,949,559,ناخن
933,558,936,576,913,576,912,557,تتو
908,602,911,625,852,624,852,599,بهداشتی
971,604,972,627,924,625,923,604,آرایشی
1004,605,1004,625,973,626,973,605,لوازم
1044,607,1043,624,1007,626,1009,606,کننده
1070,608,1072,631,1044,625,1044,606,وارد
431,512,432,533,287,531,291,510,www.yaldashop.ir
430,561,431,584,309,583,309,560,09153458455
432,609,432,633,311,634,310,611,@yaaldashop
341,420,341,442,290,442,290,417,شعبه ۲
982,804,1042,801,1046,838,988,833,MEZIC
