721,488,989,503,976,604,712,580,فروشگاه
703,492,685,568,537,586,542,506,کفش
568,591,497,568,427,671,542,667,رند
506,497,430,656,260,656,300,515,بلوچ
922,649,987,649,987,618,920,624,بورس
915,609,913,640,828,647,846,615,کفش های
832,609,826,644,761,640,761,604,مردانه
732,602,732,644,683,636,680,600,زنانه
651,602,656,640,577,640,589,595,بچگانه
857,656,859,694,806,696,812,658,انواع
803,658,803,687,754,694,756,656,صندل
750,656,747,694,680,691,691,651,مردانه
1117,678,1114,721,1195,734,1199,694,واحد
1029,665,1105,680,1114,718,1034,718,۳۰۸
416,721,394,792,613,781,618,730,clarks
904,777,917,738,1186,752,1190,788,skechers
251,651,249,668,153,667,156,648,۰۹۱۵۹۵۳۷۱۸۹
152,683,243,685,246,668,154,665,۰۹۰۱۱۸۸۱۲۷۲
149,684,145,701,242,705,249,684,۰۹۲۱۵۱۴۸۳۹۳
728,733,721,763,646,764,654,727,NIKE
1020,796,1087,799,1092,780,1023,778,World
1092,798,1178,802,1181,783,1096,780,Famous
