1091,579,1233,581,1232,614,1095,609,فروشگاه
1086,574,1091,611,1007,619,1017,576,لوازم
1005,576,1008,605,899,612,910,574,خانگی
865,569,488,567,483,661,865,683,جاوید
1197,692,1200,721,1271,732,1275,702,بورس
1188,687,1195,721,1135,728,1143,688,انواع
1124,687,1133,716,1045,728,1038,692,اسپیلت
1029,685,1033,720,946,720,951,692,ماشین
941,687,944,714,816,720,815,692,لباسشویی
808,685,806,716,754,720,761,685,کولر
754,688,751,716,647,711,649,685,پنجره ای
637,683,640,713,528,710,528,683,جاروبرقی
519,680,522,714,505,711,503,683,و
493,680,431,678,431,711,495,711,LED
1012,759,1015,792,1169,787,1162,763,۰۹۱۵۰۸۱۹۹۰۲
969,759,972,789,801,787,794,756,۰۹۱۷۵۸۸۶۹۷۹
1204,759,1214,789,1247,787,1244,763,۳۱۲
