967,592,981,665,834,628,848,572,لباس
828,565,828,622,731,602,741,565,زیر
731,532,725,602,565,552,575,505,زنانه
555,731,535,811,349,745,396,655,روناک
479,798,369,781,369,821,482,838,غرفه
356,778,359,821,293,818,296,771,۲۲۵
688,791,695,831,608,831,602,785,متفاوت
695,791,702,844,795,851,808,808,طرح های
821,811,825,858,921,861,918,821,رنگ بندی
924,825,928,868,954,854,948,834,در
368,442,1077,598,1116,792,323,650,Runak
743,763,756,763,759,794,742,793,و
799,756,803,798,761,797,759,759,مایو
808,762,839,764,843,798,813,797,لگ
852,776,879,775,885,812,851,810,زیر
886,774,927,778,932,816,888,814,لباس
936,781,941,817,984,824,989,790,خواب
1028,792,1034,828,991,827,990,794,لباس
1068,797,1079,834,1038,833,1030,797,انواع
