880,225,883,287,1185,242,1191,172,SADAF
1005,282,1005,310,1064,299,1063,268,فاکس
1002,279,1001,306,992,304,991,283,:
984,278,988,308,884,322,881,292,۴۴۴۳۳۰۵
1087,260,1092,296,1219,280,1225,241,۴۴۴۳۳۰۳
1222,265,1222,277,1244,274,1241,262,-
1242,239,1248,273,1263,272,1266,240,4
1227,162,1234,233,1280,228,1279,156,E
915,73,903,151,885,151,896,74,10000YEN
1124,386,1125,417,1215,424,1221,377,واحد
1083,382,1088,421,1023,422,1020,384,۶۲۹
1081,553,1080,566,1096,566,1094,550,این
1079,551,1080,564,1052,565,1053,551,صرافی
1052,551,1051,565,1036,564,1036,551,هیچ
1034,548,1034,563,1019,563,1017,548,گونه
1016,548,1016,563,988,562,988,549,فعالیتی
1092,585,1093,597,1081,601,1083,586,در
1078,581,1079,599,1049,596,1052,580,فضای
1050,581,1048,598,1015,596,1019,580,مجازی
1016,579,1013,596,988,594,988,579,ندارد
316,643,315,655,349,664,350,648,
331,662,330,674,352,676,352,665,
328,672,330,660,305,657,302,670,
338,439,339,466,377,461,381,434,شعبه
336,434,335,467,309,462,311,440,یک
302,455,298,466,276,457,282,445,تعمیرات
295,466,290,478,277,470,283,461,رئال
282,270,274,375,409,371,420,232,رئال
432,226,431,360,781,293,792,132,تعمیرات
736,315,736,336,693,339,693,324,شعبه
688,338,687,322,678,324,682,339,1
151,386,144,415,117,418,129,380,مرکز
