681,65,699,162,469,267,489,150,صرافی
463,193,463,260,347,286,359,227,صدف
707,160,715,204,667,220,661,180,ثبت
661,184,663,220,653,222,649,192,:
597,239,595,201,651,185,653,225,۱۲۷۸
711,208,715,237,703,240,697,209,با
693,215,699,243,653,261,649,229,مجوز
645,231,647,260,599,281,597,253,رسمی
595,244,597,280,583,284,583,253,از
579,253,581,286,545,294,545,265,بانک
541,264,545,299,501,311,493,288,مرکزی
709,257,713,290,659,302,655,273,شرکت
651,269,655,299,601,320,607,283,تضامنی
601,284,601,319,543,335,543,307,فرهمندی
541,309,539,336,531,338,535,313,و
531,309,527,338,491,349,495,321,شرکائ
477,336,477,362,457,365,457,342,خرید
455,341,455,365,449,367,449,351,و
447,342,447,364,423,376,423,352,فروش
421,349,423,376,401,380,405,360,نقدی
403,357,402,381,390,383,392,362,ارز
385,363,386,386,394,384,388,363,و
355,372,355,390,386,384,383,361,مسکوکات
353,371,355,389,344,390,344,377,طلا
340,380,338,397,346,396,344,381,و
327,380,327,399,340,399,339,378,نقره
325,381,325,399,308,405,311,385,تلفن
307,383,305,407,247,417,251,398,####
243,403,242,418,215,427,220,407,4442305
293,458,295,479,316,479,316,456,۶۲۹
321,454,323,476,347,480,351,450,واحد
756,426,760,578,534,584,552,443,صرافی
544,461,532,562,390,564,411,467,صدف
571,613,568,649,553,647,557,609,با
554,612,553,645,509,653,512,607,مجوز
509,613,510,654,460,645,473,609,رسمی
465,607,464,645,450,646,455,605,از
453,607,451,644,423,638,428,606,بانک
425,608,420,646,381,642,384,610,مرکزی
601,683,604,719,550,718,552,683,شرکت
550,680,547,719,487,715,496,677,تضامنی
495,672,486,719,426,708,435,671,فرهمندی
430,684,423,711,413,707,423,678,و
417,668,417,702,374,697,382,664,شرکائ
281,565,278,582,309,582,310,569,
314,548,310,563,278,560,283,549,
137,677,131,720,78,720,94,648,رئال
221,310,198,417,88,441,105,362,تعمیرات
100,357,83,448,34,460,55,373,رئال
190,422,188,438,162,441,167,424,شعبه 1
221,369,217,406,293,387,298,341,SADAF
302,333,300,383,487,325,487,276,EXCHANGE
