1074,611,1086,722,1003,711,1031,615,می
993,575,1002,699,793,686,859,558,استور
967,793,972,852,1073,842,1062,788,بسم الله الرحمن الرحیم
792,808,790,846,849,847,850,818,موبایل
790,804,789,842,726,846,725,804,کارکرده
723,801,725,838,684,839,682,798,شما
664,802,667,842,686,842,680,808,را
660,799,664,842,571,847,570,810,خریداریم
779,851,778,873,810,874,809,851,0915
810,849,814,875,836,873,833,849,012
836,847,839,874,869,871,871,851,0635
586,858,589,878,658,875,657,852,store.cfz
207,919,192,959,151,956,175,912,فروش
169,915,154,952,126,947,138,915,عمده
138,906,124,956,91,952,111,912,لوازم
108,905,94,952,61,950,78,910,جانبی
77,900,58,950,20,946,41,903,گوشی
34,906,19,947,7,943,30,906,و
0,889,0,939,17,933,30,899,کاء
