1272,279,1275,315,1217,327,1209,286,لاهیج
1205,285,1216,330,1129,325,1128,282,پوشاک
1271,338,1279,365,1221,366,1220,338,شاک
1196,343,1205,370,1225,369,1216,338,از
1165,375,1180,411,1225,405,1216,375,هند
1225,377,1233,407,1252,407,1244,382,و
1253,377,1257,409,1277,406,1273,374,ی
1220,419,1235,458,1279,455,1277,417,444
1257,510,1264,551,1188,545,1192,507,پوشاک
1185,507,1187,547,1117,554,1115,513,تایلندی
988,303,995,382,832,379,807,306,قهوه
829,463,821,319,543,313,544,466,پیاده
511,319,505,455,372,435,400,297,رو
301,265,297,358,377,358,389,271,2
973,505,977,563,912,565,925,501,انواع
917,499,919,558,797,551,809,505,قهوه های
795,513,795,553,743,549,736,509,برند
735,553,736,503,664,503,661,566,ایرانی
640,511,641,561,661,561,661,521,و
637,503,637,567,536,565,544,509,خارجی
369,509,364,558,207,559,221,501,هوالرزاق
232,561,311,558,307,573,244,575,412
868,573,869,551,819,558,817,575,مولایی
696,574,699,557,820,555,815,573,09135073436
