623,271,615,403,449,436,468,319,پاپوش
456,341,449,436,323,457,341,381,منصور
293,370,289,392,329,377,330,359,pmcfz
77,389,71,411,9,403,24,380,راهرو
642,483,634,536,712,533,711,476,544
502,520,498,556,458,553,462,513,پاپوش
277,475,276,488,308,479,309,467,09155464112
282,441,280,454,316,443,317,432,09935615006
287,409,287,420,323,407,322,398,####
1170,65,1157,254,1277,233,1279,36,ی
1241,279,1242,319,1137,341,1146,293,شرکت
1140,300,1143,344,1071,353,1079,309,پخش
1071,311,1074,355,996,372,999,328,آرایشی
993,333,996,371,986,372,983,341,و
980,332,983,375,891,390,896,351,بهداشتی
