449,546,445,577,499,586,507,556,تعمیرات
446,543,445,573,374,583,382,545,تخصصی
378,541,374,581,314,573,324,528,موبایل
320,514,309,583,269,581,280,514,مکی
505,592,505,605,461,605,467,587,تعمیرو تعویض
464,586,464,606,431,604,437,589,تخصصی
418,586,417,600,434,602,436,587,هارد
415,654,417,685,372,685,375,654,پاور
163,686,160,713,114,716,118,694,کریم
141,670,138,689,167,684,169,670,تعمیرات
119,671,119,693,140,689,140,674,موبایل
110,716,111,727,132,725,132,717,GSM
119,751,121,766,159,762,159,754,SAMSUNG
106,604,110,628,151,628,152,610,Welcome
63,507,63,548,0,551,3,519,تعمیر
43,606,44,628,0,627,3,605,خدمات
22,631,20,647,1,647,0,628,سخت
372,689,384,714,426,714,424,685,###
442,694,446,714,428,714,424,695,###
451,692,453,718,473,714,473,693,###
125,770,127,782,156,783,156,773,###
125,782,125,794,159,793,159,786,0903###
