153,74,157,151,27,147,32,72,پایتخت
267,77,268,155,162,149,161,72,مرکزی
431,99,430,155,319,140,332,89,استور
494,110,498,169,439,160,442,104,اپل
188,173,213,174,211,196,185,194,اپل
142,202,190,202,187,220,142,219,استور
104,224,155,226,148,244,103,242,مرکزی
51,243,111,245,109,268,52,265,پایتخت
646,215,663,217,660,232,643,229,اپل
620,231,649,234,646,247,620,245,استور
598,247,626,249,627,260,597,261,مرکزی
568,258,603,265,602,278,565,277,پایتخت
785,318,807,318,805,333,784,334,اول
835,318,835,333,808,333,809,320,طبقه
787,340,808,340,807,351,785,353,۱۰۳
836,338,837,355,809,355,809,338,پلاک
835,360,836,373,801,373,800,363,۴۵۶۳۹
683,244,715,245,715,274,684,272,105
