123,316,289,330,295,383,131,383,لوتوس
434,332,434,388,296,392,297,337,همراه
124,395,124,435,278,426,278,394,LOTUS
304,422,429,420,433,390,309,394,HAMRAH
116,495,444,449,440,525,122,607,ASUS
118,611,153,602,157,647,124,655,IN
159,643,285,605,286,566,158,600,SEARCH
288,600,319,591,324,557,286,568,OF
440,525,440,552,327,589,326,550,INCREDIBLE
549,128,533,157,496,131,516,107,شهر
562,142,553,160,612,205,621,183,اینجاست
552,497,536,526,499,500,519,476,شهر
545,308,529,337,492,311,512,287,شهر
557,325,548,343,607,388,616,366,اینجاست
852,124,890,126,895,245,861,245,CITY
891,319,891,337,849,339,851,322,###
845,346,891,342,893,359,849,363,###
860,367,888,366,888,377,859,379,###
663,210,656,224,703,258,713,243,CITY.ir
632,101,630,117,680,110,681,97,###
585,45,585,61,618,57,619,43,###
659,398,651,413,694,446,705,433,CITY
922,276,939,276,938,325,924,325,CITY
1011,248,1125,217,1127,277,1009,297,ASUS
1045,294,1137,293,1133,351,1044,350,آی تی
1178,241,1205,237,1208,304,1185,303,جشنواره
1177,300,1204,301,1209,390,1188,388,شگفت انگیز
1208,241,1226,240,1226,265,1210,263,یک
1209,316,1226,317,1226,266,1207,265,دست
1209,318,1211,358,1230,360,1229,319,خودرو
1209,359,1225,360,1228,390,1210,389,206
45,187,84,193,79,279,47,277,###
24,378,48,378,47,392,23,393,###
74,378,74,391,47,391,48,378,###
48,397,76,396,75,412,48,410,###
26,397,47,397,47,410,25,412,###
40,417,71,417,72,428,39,429,###
