527,324,393,328,392,411,520,403,تولیدی
272,401,380,403,387,329,275,337,تیرچه
238,397,264,397,266,335,240,337,و
121,387,237,400,234,318,123,316,بلوک
381,427,378,490,470,481,470,432,طارق
308,425,307,490,375,490,377,427,خان
327,532,313,578,386,566,386,532,انواع
241,536,240,578,312,573,321,536,تیرچه
295,441,235,442,229,484,296,485,بلوچ
433,562,415,580,553,587,557,564,۰۹۱۹۹۹۸۶۰۰۰
596,490,586,523,710,527,715,498,###
520,521,516,556,633,557,642,531,###
640,553,713,553,716,527,647,526,###
573,374,590,390,468,553,440,536,###
583,401,604,418,500,539,488,520,###
577,563,574,584,702,587,705,563,###
