1133,314,922,373,903,524,1146,433,عطاری
903,358,725,478,717,575,896,480,ادویه
642,394,601,524,704,512,729,405,مواد
509,402,465,554,595,550,645,384,غذایی
400,404,329,566,446,561,501,379,آجیل
347,477,366,483,345,525,327,522,و
319,433,287,535,326,533,368,449,مواد
336,399,282,551,196,559,232,412,بهداشتی
485,588,478,631,601,621,608,582,۰۹۱۵۸۵۵۰۱۲۲
439,584,438,622,477,616,478,584,تلفن
397,592,397,629,438,616,439,587,همراه
787,4,782,61,715,91,722,31,انواع
714,31,593,66,595,116,712,77,داروهای
520,134,588,105,589,71,524,90,سنتی
505,98,497,140,513,140,521,98,و
887,1,794,0,792,58,887,29,عرضه
504,82,427,128,427,158,493,136,گیاهی
982,29,906,62,909,102,978,73,ادویه
841,109,903,97,882,61,840,86,جات
714,146,827,116,821,80,717,105,عرقیجات
692,116,696,151,620,170,615,134,حبوبات
606,123,557,140,551,189,603,164,آجیل
535,153,533,189,551,182,550,155,و
459,201,534,187,533,144,470,168,خشکبار
447,174,446,207,461,206,465,176,و
410,218,444,209,448,172,409,185,مواد
358,196,352,235,406,216,407,184,غذایی
910,115,814,152,809,202,912,164,تماس
800,159,800,187,812,185,812,158,:
588,198,591,233,789,191,790,148,۰۹۱۵۸۵۵۰۱۲۲
554,219,561,231,578,226,577,212,-
398,238,403,276,555,235,548,202,۰۹۱۵۸۵۵۰۱۲۲
1466,6,1455,91,1317,52,1334,0,طیس
1455,117,1451,154,1411,136,1417,97,عرضه
1382,88,1379,131,1410,136,1415,97,انواع
1319,89,1326,62,1383,86,1379,119,داروهای
1276,73,1318,89,1327,60,1290,49,سنتی
1272,39,1266,69,1291,66,1291,48,و
1227,16,1220,53,1267,66,1272,29,گیاهی
1431,193,1397,176,1406,145,1437,159,ادوبه 
1370,157,1371,134,1401,142,1399,177,جات
1300,136,1361,159,1365,125,1306,105,عرقیجات
1239,108,1289,136,1295,99,1246,75,حیویات
1390,182,1385,225,1349,213,1358,176,آجیل
1343,179,1340,209,1349,209,1356,185,و
1299,154,1289,187,1342,199,1342,162,خشکبار
1452,266,1437,321,1415,296,1427,262,تماس
1238,182,1237,221,1317,246,1317,209,۰۹۹۲۵۶۰۱۱۲۰
1341,258,1409,283,1414,248,1337,225,۰۹۱۵۸۵۵۰۱۲۲
1331,229,1317,226,1317,239,1328,241,-
207,159,414,115,425,3,255,2,باستان
