931,121,927,228,631,241,646,124,عطاری
828,370,1066,367,1049,244,825,300,طیس
532,368,813,368,808,249,559,254,باستان
323,177,333,385,206,527,197,308,عطاری
115,609,117,400,196,315,204,524,طیس
38,505,35,706,115,609,115,398,باستان
987,385,989,433,1068,433,1064,400,عرضه
922,388,927,440,987,435,986,390,انواع
810,432,924,430,922,388,817,390,داروهای
736,432,808,428,815,392,748,392,سنتی
718,402,716,432,736,430,743,393,و
629,428,718,430,720,383,653,398,گیاهی
915,487,1039,490,1036,442,912,447,ادویه جات
899,457,899,485,909,482,909,462,،
778,444,787,495,899,489,894,457,عرقیجات
763,460,768,482,782,482,780,457,،
673,447,678,497,770,494,760,449,حبوبات
884,552,951,547,949,497,897,500,آجیل
864,515,865,552,882,554,887,515,و
763,552,864,549,862,504,783,507,خشکبار
1028,564,1026,616,1091,609,1083,571,تماس
859,571,860,616,1009,611,1008,566,۰۹۱۵۸۵۵۰۱۲۲
688,571,688,606,827,611,822,572,۰۹۹۲۵۶۰۱۱۲۰
