814,187,580,229,553,332,817,289,مشاور
550,227,538,309,358,335,361,254,املاک
737,345,357,369,351,490,736,448,معروف
705,491,694,527,763,526,762,490,خرید
688,517,671,518,672,510,690,508,-
586,508,585,541,667,528,664,498,فروش
505,519,502,551,556,538,556,515,رهن
419,525,420,551,474,547,479,517,اجاره
643,545,643,577,722,571,721,544,مشاوره
550,555,547,581,616,575,618,551,نظارت
439,563,440,592,530,588,527,562,پیمانکاری
479,644,484,672,703,655,706,626,۰۹۱۵۸۶۱۰۵۹۴
454,714,702,701,696,667,456,684,۰۵۴-۳۵۳۹۱۵۷۹
