657,515,654,599,822,589,814,521,سازمان
548,529,548,596,650,578,643,518,نظام
398,542,398,600,539,599,532,526,پزشکی
266,528,272,591,388,589,383,531,چابهار
725,192,726,245,873,240,882,188,آموزشگاه
656,208,653,257,714,248,712,200,فنی
630,225,626,261,646,254,648,223,و
498,209,498,267,614,257,624,219,حرفه ای
429,214,428,270,489,260,493,213,آزاد
195,194,196,298,370,285,363,200,دریا
787,254,785,289,878,279,879,256,رشته های
695,267,695,294,778,280,782,259,آموزشی
578,274,575,295,678,288,678,265,امور اداری
488,278,484,300,566,292,561,273,هتلداری
385,280,385,309,470,301,476,275,گردشگری
876,289,878,314,793,323,803,298,فناوری
699,301,703,324,791,316,796,298,اطلاعات
620,307,624,330,686,323,685,308,صنعت
527,313,527,333,598,332,596,309,ورزش
502,336,501,365,547,357,545,336,تلفن
357,341,360,368,490,363,488,342,۰۹۰۳۸۱۱۰۳۵۸
221,342,221,369,338,369,340,343,۰۵۴۳۵۳۳۸۱۵۹
602,314,603,333,618,332,615,314,و
653,340,692,333,694,355,654,359,۶۶۰۳۸
476,485,578,482,580,508,473,517,###
734,333,735,356,772,353,772,333,شماره
697,334,697,358,734,351,733,335,شناسه
881,139,887,159,768,169,765,153,###
138,176,148,236,25,246,28,183,نمایند
