850,603,755,608,742,652,850,644,کانون
611,603,608,649,750,655,744,606,تبلیغات
898,698,534,708,534,850,911,847,مبین
326,703,293,862,495,868,508,703,طرح
834,904,834,942,919,947,914,906,حروف
737,906,734,942,827,945,829,906,برجسته
529,901,529,937,665,937,665,904,چلنیوم
388,901,388,937,465,937,465,904,استیل
308,906,305,932,380,934,382,898,طلایی
62,750,56,778,203,778,208,747,۰۵۴۳۵۳۳۲۵۹۸
127,290,93,380,555,366,568,254,چنلیوم
3,404,2,485,305,482,319,373,فلکس
219,599,215,620,193,620,194,601,کلیه
295,598,295,616,259,615,259,598,مشاور
251,600,251,618,215,617,215,600,مجری
95,599,92,617,132,620,134,598,تبلیغات
143,598,142,618,167,620,172,599,چاپ
194,598,193,616,168,617,169,599,امور
82,673,80,694,104,694,104,675,مش
150,673,149,695,109,695,112,674,استیکر
196,670,198,693,160,694,162,673,فلکس
234,672,233,698,210,696,212,671,بنر
