439,218,385,313,660,331,673,236,کویر
430,216,259,218,207,308,376,311,تایر
777,361,768,399,874,406,871,363,نمایندگی
702,358,693,397,763,399,772,363,فروش
659,361,650,394,691,397,698,359,حاج
566,351,556,385,645,394,654,364,مرادجان
484,354,483,376,549,385,560,358,جدگال
185,346,376,358,376,334,187,322,۰۹۱۵۳۴۵۱۰۰۹
325,380,185,368,189,352,323,363,۳۵۳۳۱۳۵۱
820,464,541,450,530,597,816,611,جهان
250,425,228,599,508,607,519,443,تایر
803,688,803,722,738,720,736,684,دنا
224,630,222,661,364,669,364,633,۰۹۱۵۳۴۵۱۰۰۹
358,702,217,705,221,673,361,674,۰۵۴-۳۵۳۳۱۳۵۱
542,680,539,684,536,712,573,714,بارز
649,685,645,715,681,714,685,686,کویر
617,683,612,711,640,713,644,684,تایر
