664,223,656,313,478,339,501,263,تیاب
481,263,467,353,318,378,325,294,مکران
774,300,223,400,186,618,741,517,کارواش
570,559,564,603,468,611,474,574,خدمات
574,609,565,665,459,668,465,615,روشویی
447,641,446,662,461,661,462,643,،
357,626,346,681,442,670,451,619,توشویی
234,641,227,694,332,687,345,634,صفرشویی
387,684,373,747,412,745,420,697,یا
290,755,363,753,377,683,308,696,آب
151,768,281,760,298,693,171,705,شیرین
398,751,391,823,479,814,486,746,ریگی
294,770,296,823,377,810,378,769,۹۶۵۹
228,777,221,823,280,816,280,776,۶۷۱
144,788,136,829,207,820,209,784,۰۹۱۵
