1046,0,1040,66,1160,63,1151,3,شرکت
943,15,943,95,1037,85,1035,2,فنی
764,42,758,125,932,92,933,23,مهندسی
730,63,724,128,753,123,755,66,و
610,62,601,146,721,119,716,52,مشاور
473,69,473,146,593,125,595,62,املاک
1161,119,1155,248,1044,236,1058,165,زرین
1058,123,1041,237,958,222,978,134,بان
978,97,858,270,789,270,782,205,مکران
1040,291,1040,327,1115,319,1117,283,طراحی
966,302,967,328,1024,325,1026,294,نظارت
966,362,1020,362,1021,331,964,333,خرید
892,343,893,376,955,368,953,336,فروش
839,348,839,384,886,377,876,348,رهن
767,347,773,387,821,380,826,350,اجاره
428,354,427,384,553,374,555,348,۰۵۴-۳۵۳۳۴۷۹۰
421,407,538,405,547,379,425,384,۰۹۱۵۳۴۵۹۲۰۶
951,297,950,326,898,338,903,308,اجراء
714,354,715,376,653,378,654,357,مدیریت
602,363,601,384,646,378,646,361,بلیدئی
327,486,321,518,347,535,353,495,شرکت
301,476,297,516,320,521,327,485,امواج
273,466,266,503,296,514,302,475,نیلگون
241,453,236,489,267,498,273,465,مکران
238,497,235,514,265,527,269,508,Amval
305,538,270,526,272,510,306,525,Nilgoun
345,551,307,539,309,525,346,539,Makoran
302,548,297,569,315,575,320,555,شماره
288,543,286,563,297,565,302,547,ثبت
283,545,283,560,287,561,287,546,:
263,533,263,556,283,560,284,540,۲۰۷۸
647,373,652,373,653,363,648,363,:
884,316,884,336,894,336,895,317,و
129,348,126,362,157,359,159,349,GREE
867,281,990,269,976,128,928,139,ساحل
