702,110,698,162,829,161,824,106,لبنیات
599,128,599,176,691,162,689,117,محلی
552,292,820,280,822,167,573,184,مکران
458,148,449,205,527,197,525,149,انواع
329,154,328,201,447,198,453,157,سبزیجات
257,158,253,200,328,195,329,153,آماده
236,171,235,207,252,207,253,178,و
184,163,231,169,230,206,183,207,تازه
785,292,776,327,818,320,815,290,شیر
772,296,768,314,776,314,779,301,،
730,289,723,325,759,324,773,294,دوغ
716,299,715,316,724,316,728,302,،
654,319,715,316,715,289,659,300,ماست
790,344,780,375,823,372,820,342,پنیر
777,348,773,363,781,362,783,350,،
737,347,731,370,768,373,776,340,کره
664,342,661,370,717,366,720,354,مسکه
717,343,717,374,726,372,728,345,)
659,373,664,340,653,349,652,372,(
792,401,781,423,816,412,816,400,سر
783,391,775,423,740,423,750,398,شیر
729,399,727,416,735,416,739,401,،
654,394,651,422,719,423,722,397,چکیده
582,326,425,334,422,295,581,298,۰۹۳۶۴۲۴۰۹۴۶
452,227,448,248,496,243,493,228,سبزی
406,227,404,248,449,245,453,224,قورمه
355,228,354,251,396,248,392,231,سبزی
322,227,326,251,351,246,351,228,آش
311,235,310,253,320,250,321,237,و
278,236,275,258,310,250,308,230,انواع
236,236,234,257,273,253,275,234,سبزی
187,240,184,259,231,256,233,236,خوردنی
618,521,741,524,734,552,617,552,09399126187
