419,113,420,171,278,173,291,109,مکانیکی
259,123,257,160,275,159,277,131,،
250,110,162,118,144,170,246,169,اگزوز
161,110,143,171,37,171,67,111,سازی
479,187,481,223,383,221,388,185,محسن
379,176,380,223,263,223,276,182,پلوس
411,243,334,242,339,225,407,223,۰۹۱۵۷۱۰۵۸۰۸
271,238,195,241,197,221,273,223,۰۹۱۵۸۴۱۷۰۶۴
32,236,69,239,69,223,33,224,۰۹۱۵۰
443,225,442,244,483,244,481,229,جلوبندی
411,245,443,245,442,227,410,227,سازی
321,231,322,237,332,237,333,231,-
317,240,278,243,281,225,314,224,مکانیکی
149,225,143,247,176,247,184,224,اگزوز
119,225,114,243,145,241,149,225,سازی
