503,227,502,311,658,320,651,231,املاک
323,267,329,324,486,307,484,258,مبین
160,397,160,428,202,428,212,402,0937
198,463,156,466,162,436,198,437,054
1224,331,1232,371,1279,367,1276,329,گاه
1045,335,1043,381,1228,370,1223,333,دامپزشکی
970,336,978,383,1040,380,1047,335,رازی
1073,419,1161,412,1156,381,1076,386,مهربان
1237,420,1237,383,1157,386,1158,411,حیوانات
336,353,341,380,458,384,455,353,Mobin
554,376,476,381,475,349,545,346,real
682,373,565,376,565,353,675,354,estate
690,448,691,471,642,474,641,450,خرید
620,445,621,471,565,474,566,455,فروش
541,455,542,480,491,479,495,459,رهن
475,450,474,478,412,479,418,456,اجاره
398,453,399,481,322,483,324,463,پیمانکاری
733,412,733,431,785,430,780,410,Amlak
796,424,796,431,784,431,785,426,_
842,408,845,427,795,430,791,410,mobin
854,420,857,430,847,431,844,421,_
877,424,875,407,852,411,854,427,cfz
259,423,256,400,220,400,218,423,365
318,400,267,398,268,423,315,423,0403
262,436,262,461,215,461,213,440,3533
321,434,317,461,274,459,271,437,0687
