1022,46,1023,135,705,100,732,34,روشگاه
393,33,381,116,690,114,689,54,تصفیه
369,18,362,115,217,117,229,32,آب
57,21,117,224,192,199,222,18,آ
832,167,836,204,983,207,978,163,فروش
618,179,613,205,748,194,742,159,تعمیر
372,172,373,204,509,196,503,161,نصب
956,249,967,287,853,292,853,258,انواع
837,254,842,289,707,286,707,259,دستگاه
691,255,696,285,625,293,633,259,های
616,255,619,286,502,294,500,260,تصفیه
487,249,430,257,434,295,487,287,آب
1018,294,911,311,902,341,1023,331,خانگی
877,300,814,303,815,336,877,339,نیمه
802,305,695,307,704,341,801,338,صنعتی
676,311,682,332,694,331,689,313,،
560,307,559,342,668,337,664,307,صنعتی
531,315,532,345,549,342,547,316,و
358,347,513,344,519,300,366,309,کشاورزی
812,392,932,389,922,351,813,357,لوازم
786,366,788,395,809,395,801,367,و
769,352,635,359,641,388,777,384,فطعات
620,361,495,359,496,407,633,396,جانبی
889,310,888,330,904,327,902,313,،
2,491,87,485,87,461,3,470,SEDIMENT
