1279,154,1062,134,1077,262,1277,280,طهران
745,317,745,339,786,347,780,317,فروشگاه
721,317,724,340,744,340,745,317,مواد
687,317,689,338,723,340,719,315,شوینده
681,321,682,337,690,338,687,319,و
639,310,637,337,682,337,681,316,بهداشتی
719,383,773,382,772,345,723,345,بنی
659,377,709,380,715,342,663,338,بابا
529,321,611,327,608,341,525,335,۰۹۰۳۱۴۵۰۰۶۴
600,284,600,297,619,301,621,288,عرضه
579,282,579,298,600,297,600,284,انواع
543,278,543,291,577,296,579,283,محصولات
513,276,514,290,543,291,543,279,شوینده
508,278,509,292,515,289,513,279,و
475,271,475,287,508,291,509,277,یهداشتی
467,275,466,287,475,286,475,276,و
433,267,433,286,465,285,467,269,آرایشی
601,303,602,318,595,318,592,305,با
563,301,562,316,595,318,592,305,برتدهای
534,299,533,313,561,315,562,303,نعروف
