677,345,682,397,780,384,776,340,تعمیرگاه
662,362,658,401,675,401,678,364,و
561,411,658,400,664,348,560,364,نمایندگی
707,432,704,472,750,462,750,423,نیرو
657,438,652,481,704,462,707,429,متور
765,429,767,452,751,452,753,438,.
762,499,766,523,751,523,751,505,.
750,481,705,508,698,546,747,533,کویر
652,507,649,548,698,538,702,500,متور
692,572,687,619,747,612,751,565,باجاج
626,639,618,677,742,665,737,635,عیب یابی
600,638,604,677,618,677,626,643,باد
529,643,526,682,601,676,600,639,دستگاه
471,650,474,690,526,689,528,646,دیاگ
468,516,469,538,533,529,528,512,HONDA
521,609,523,627,568,621,568,606,BAJAJ
499,435,499,460,459,466,466,441,نیرو
424,442,422,473,458,465,467,442,موتور
