917,287,910,394,1030,386,1010,279,پخش
812,276,811,396,908,384,908,285,مواد
721,280,628,389,801,388,799,278,غذایی
648,253,525,326,546,418,703,307,حافظ
272,293,265,398,388,397,384,294,پخش
152,287,154,406,261,405,261,292,مواد
1,288,4,409,143,372,141,284,غذایی
1255,427,1261,497,1185,504,1183,431,حافظ
546,62,547,77,516,80,515,67,خامه
441,3,431,53,354,58,369,7,مانی
270,6,255,71,355,58,367,7,ماس
1116,166,1116,185,1077,185,1084,169,
655,538,658,579,607,580,621,541,پخش
571,542,566,584,605,578,613,544,انواع
645,588,650,623,613,627,614,588,مواد
560,598,563,630,613,622,613,589,غذایی
669,641,666,677,608,671,615,645,بصورت
280,87,430,77,431,55,284,64,manimas
