589,98,580,185,760,185,769,100,مشاوره
397,93,402,164,576,167,575,96,املاک
429,314,732,321,720,191,429,190,حافظ
710,405,710,436,842,439,843,407,۰۹۱۵۳۴۵۶۸۸۳
538,400,545,428,659,434,661,404,۰۹۰۱۵۴۰۱۰۰۳
677,329,677,357,631,353,638,334,خرید
621,332,620,354,631,353,637,332,و
564,334,564,360,619,352,616,332,فروش
510,340,515,366,549,359,548,341,رهن
495,346,500,367,513,365,506,345,و
557,339,558,356,550,353,549,342,،
445,354,453,377,495,368,492,346,اجاره
737,379,665,376,665,356,731,357,مشارکت
637,378,663,380,663,360,647,359,در
583,375,638,374,641,361,589,358,ساخت
573,364,574,376,582,376,582,366,،
490,397,572,387,573,363,504,366,پیمانکاری
481,381,484,391,490,390,490,380,،
402,417,484,395,475,372,396,390,کارشناسی
