307,182,303,220,350,230,352,195,صنایع
216,204,299,219,304,178,228,169,آلومینیوم
180,156,173,196,211,206,228,167,تابان
284,262,283,279,328,283,325,265,اختصاصی
258,257,256,275,283,276,280,259,PVC
228,251,227,272,255,276,254,255,ترمال
199,247,198,265,228,272,228,251,بریک
102,263,101,277,166,288,169,273,۰۹۱۳۸۵۷۹۷۲۲
175,275,178,291,236,300,236,283,۰۹۰۳۰۸۰۲۲۸۳
288,292,287,306,321,313,319,297,بجارزهی
351,299,351,316,326,312,325,298,مدیریت
313,240,313,257,344,263,341,242,سازنده
293,239,293,255,312,256,312,239,درب
197,218,196,237,228,241,231,223,کشویی
236,224,236,240,259,245,259,228,ساده
285,233,286,251,260,247,259,230,پنجره
