1197,110,1196,169,1270,161,1267,105,فنی
1159,120,1165,173,1192,162,1182,119,و
990,114,995,169,1151,164,1152,116,مهمدسی
1173,189,908,229,901,404,1169,358,سرگان
743,231,740,376,908,339,906,230,سازه
1060,410,1058,458,1190,461,1178,419,محاسبه
1036,413,1037,461,925,457,933,421,طراحی
798,450,899,457,902,410,797,406,نظارت
764,417,767,453,793,453,787,421,و
688,404,692,453,760,452,759,407,اجرا
1150,481,1151,484,1152,522,1263,525,۰۹۱۵۳۴۱
1062,481,1058,525,1129,522,1125,486,پایدار
867,481,867,515,1048,521,1054,484,۰۹۱۵۹۵۳۲۶۰۳
751,472,751,509,845,525,844,480,کتری زاده
584,473,584,506,747,514,745,480,۰۹۱۵۱۹۵۲۱۵۱
699,640,521,641,517,728,709,741,پیمانکاری
908,427,906,452,922,446,921,430,،
599,914,599,953,512,951,518,921,والپستهای
457,922,456,954,510,951,513,918,مدرن
460,999,536,997,534,961,460,967,MPH
