975,380,1003,471,793,499,783,429,پیرایش
690,633,890,569,868,503,699,552,گلشهر
453,526,334,552,329,627,450,603,لوازم
154,644,317,613,323,545,180,575,التحریر
59,656,145,644,155,583,81,583,بهار
242,670,241,694,322,683,325,661,۰۹۱۵۷۱۵۱۹۰۴
149,684,150,703,230,693,227,673,۰۹۱۵۵۸۴۱۹۰۴
532,620,532,637,613,626,610,610,۰۹۱۱۵۶۱۵۸۸۹
613,646,532,657,532,640,612,631,۰۹۳۶۴۷۹۸۳۰۱
202,648,264,640,264,659,202,671,دانشجویی
314,634,315,658,266,662,268,637,دبستانی
343,630,344,652,318,656,315,636,پیش
352,629,394,621,393,645,356,650,کودک
418,620,419,641,392,643,392,623,مهد
455,613,457,638,421,642,419,620,لوازم
414,652,452,644,457,668,413,674,اداری
333,661,364,656,364,681,335,681,تولد
401,653,399,677,366,679,367,658,لوازم
