1052,158,1055,305,791,303,875,135,سردار
491,236,787,294,786,126,511,114,یدک
206,71,213,151,61,168,93,69,سرداار
51,260,221,273,211,197,71,195,یدک
62,318,62,334,140,329,136,313,۰۹۱۵۹۱۵۴۲۰۹
306,293,309,328,477,335,470,301,۰۹۱۵۹۱۵۴۲۰۹
585,312,586,343,639,346,636,318,مدیریت
573,315,575,335,584,335,583,318,:
538,310,538,341,577,346,571,314,جنید
499,310,502,339,537,340,537,309,حوت
998,358,1055,358,1050,322,1004,322,فروش
918,354,996,347,994,321,920,324,انحصاری
854,347,915,346,914,318,853,322,قطعات
793,352,795,352,854,354,846,318,راپیدو
782,325,784,344,792,344,791,326,،
738,350,778,351,775,314,739,321,لیون
723,324,724,343,735,343,734,325,،
678,348,719,347,720,314,683,318,تکنو
