854,164,859,267,744,277,757,159,دنیای
730,157,632,157,635,247,727,247,کاغذ
471,167,483,289,632,266,627,164,دیواری
687,312,615,314,620,282,678,284,۰۹۱۵
752,286,688,284,692,316,747,309,۰۳۷
763,288,768,315,826,310,826,284,۰۹۰۲
621,348,688,344,688,318,621,319,۰۹۳۶
698,344,750,344,749,319,701,318,۰۲۵
763,342,831,343,830,316,759,318,۴۸۷۰
559,306,558,333,610,333,609,308,یهزاد
471,308,470,339,554,334,556,306,ابریشمی
749,97,750,122,819,120,811,95,پوسترهای
697,94,695,122,732,121,727,95,بعدی
749,97,732,96,731,113,746,114,سه
622,92,623,123,595,121,596,92,تایل
551,91,553,118,592,121,592,92,آسمان
510,95,510,123,554,122,551,92,مجازی
365,95,362,119,410,116,414,100,سقف
