712,242,271,279,270,487,739,388,لاشار
437,520,435,557,636,544,621,508,۹۵۰۷۶۰۸
328,527,328,560,396,559,394,524,۰۹۱
597,170,611,223,461,236,464,182,هایپر
443,180,237,192,242,242,453,225,سی تی
886,418,839,429,844,453,892,443,انواع
735,442,742,461,841,453,832,430,محصولات
630,455,635,477,738,466,727,439,بهداشتی
954,268,955,307,857,314,861,278,ارزان تر
936,348,967,338,960,309,938,313,از
873,319,875,357,937,343,937,319,همه جا
803,483,851,482,846,455,793,463,لبنی
686,500,784,493,777,464,686,477,پروتئینی
781,468,788,487,800,484,793,469,و
