1217,163,947,146,931,286,1229,309,نمایشگاه
906,167,643,157,615,287,919,298,اتومبیل
275,267,602,279,622,153,299,132,برادران
833,331,833,364,1042,371,1044,333,۰۹۱۵۵۴۵۸۰۰۳
1184,339,1185,374,1157,371,1158,349,شه
1111,344,1113,378,1154,378,1157,340,کرم
1058,340,1058,382,1108,378,1103,342,زهی
720,325,718,360,768,364,778,324,خرید
703,334,701,362,716,361,715,334,و
634,320,632,360,694,359,699,320,فروش
569,355,629,355,628,316,578,319,انواع
446,347,561,355,574,317,459,312,خودروهای
370,344,443,351,449,309,382,306,ایرانی
342,343,363,346,365,319,349,318,و
249,339,334,347,348,310,261,296,خارجی
