1051,40,1055,65,1029,74,1026,50,بیمه
997,69,1002,88,1030,74,1023,57,ملت
1036,256,1002,269,995,245,1027,230,ظروف
975,280,970,250,995,243,1000,270,کرایه
105,174,102,198,144,214,146,190,اسنوا
224,276,221,300,247,304,247,280,خانه
190,269,187,305,225,300,220,274,سفید
367,401,368,411,377,411,378,400,26
388,400,388,412,377,412,380,402,ب
406,400,405,412,389,412,389,401,987
416,400,417,413,405,412,407,403,88
720,411,721,423,732,422,731,412,35
739,413,740,423,731,422,735,413,ط
742,423,740,411,755,412,758,423,888
757,413,758,424,769,423,767,415,40
1024,149,1031,173,1000,183,1000,165,بیمه
972,175,977,199,1003,185,999,163,ایران
1024,306,1026,300,1035,300,1034,305,حمل
1020,298,1021,306,1026,306,1024,298,با
1004,308,1005,300,1020,300,1020,307,جرثقیل
