1028,477,837,467,839,572,1030,556,ساختمانی
661,561,825,563,812,463,659,452,رحمانی
586,424,340,424,337,520,606,534,فروشگاه
294,417,27,403,24,513,305,510,اطمینان
540,588,534,590,627,591,622,550,مبل
461,583,513,584,518,538,461,538,تابلو
395,583,444,584,449,540,395,542,کادو
376,549,378,583,390,583,388,552,و
305,579,371,581,367,536,305,534,هدایا
255,576,295,580,290,536,262,537,گل
239,549,236,583,255,580,255,550,و
162,579,231,571,235,532,166,537,گلدان
82,575,143,575,138,526,87,525,تابلو
15,569,73,575,82,524,28,525,فرش
106,603,108,633,170,628,164,596,۰۹۱۰
253,629,194,633,184,604,253,599,۹۵۷
341,628,273,629,269,605,327,600,۰۰۱۹
904,617,905,644,972,642,971,622,۰۹۱۵۳۴۵۰۰۵۴
992,621,995,642,981,643,981,621,۵۸
