158,45,156,78,233,79,238,52,اسنوا
234,79,232,111,111,107,121,80,آرمان
227,122,228,111,222,113,221,123,با
199,122,204,113,220,112,219,125,موتور
179,122,184,110,204,111,198,122,مجهز
172,121,175,109,182,110,179,122,به
139,121,144,110,173,109,170,125,تکنولوژی
111,117,115,108,140,109,139,122,هوشمند
112,270,102,292,70,286,93,268,بانک
44,268,43,288,69,288,87,271,سپه
167,287,163,299,174,300,183,288,سپه
185,284,174,301,187,300,193,287,بانک
713,77,713,84,728,83,727,75,شهید
689,75,690,84,713,84,712,75,سلیمانی
671,76,669,83,685,83,686,78,غرب
713,132,716,124,729,125,728,133,شهید
690,123,689,133,714,134,716,125,سلیمانی
672,123,672,134,687,133,686,123,شرق
679,98,680,107,720,109,720,98,####
697,144,698,153,720,155,721,145,میدان
676,144,676,153,697,154,696,145,نبوت
674,160,675,154,711,156,711,161,####
672,93,672,84,730,87,728,94,####
720,116,720,110,675,109,676,118,#####
754,253,742,255,746,239,753,236,دفتر
744,239,742,252,723,256,725,240,اسنادرسمی
800,278,803,260,838,264,834,283,ویولا
671,159,670,168,689,169,689,162,####
847,242,844,261,814,258,819,241,شیرینی
1106,242,1106,271,1030,278,1032,260,صحت
1112,281,1113,295,1086,292,1088,282,فروشگاه
1086,281,1086,292,1069,291,1070,282,بزرگ
1048,281,1048,292,1068,292,1069,283,نارمک
548,362,566,362,566,367,549,367,####
268,431,265,441,286,443,289,432,206
292,431,290,441,304,441,306,435,SD
105,430,106,439,140,440,144,433,PEUGEOT
166,416,165,433,183,435,185,417,43
187,416,184,434,197,435,201,417,ج
204,415,199,434,227,435,232,417,874
233,434,235,418,251,421,249,435,11
