1046,133,1042,168,1118,169,1117,135,نمایندگی
940,131,941,167,1027,166,1026,136,نوشیروانی
1038,139,1040,159,1029,159,1027,140,:
1112,1,1114,118,895,113,890,1,بیمه
664,111,878,113,869,2,646,2,ایران
1057,177,1059,225,1122,230,1127,181,شرکت
973,176,971,224,1053,226,1051,178,آرامش
903,174,899,221,968,225,969,175,سازان
806,172,804,220,896,222,895,174,خورشید
742,169,744,220,801,221,805,175,تابان
531,175,532,210,705,211,710,178,۰۹۱۵۸۴۷۳۸۶۲
622,123,596,123,598,143,615,146,کد
586,126,587,146,598,145,596,129,:
503,118,511,145,583,145,583,120,۳۳۷۹-۰۲
