365,15,366,41,435,39,437,13,خودروی
323,15,327,35,365,35,360,14,شما
309,13,309,39,325,39,322,15,را
306,15,307,41,279,41,282,20,می
201,17,202,47,278,41,280,19,فروشیم
397,46,399,68,441,65,438,47,بدون
326,46,327,70,397,70,395,43,کمیسیون
264,49,265,68,313,68,311,50,بدون
201,50,201,68,263,67,262,47,دردسر
141,43,141,73,3,71,10,47,کارنامه
241,78,243,92,397,89,395,76,www.karnameh.com
601,143,602,159,672,157,671,138,کوشا
609,174,608,161,672,161,669,170,09124040060
111,426,110,437,121,436,119,426,25
120,426,121,435,131,434,130,426,ص
131,426,133,435,148,438,151,427,783
727,454,728,466,739,466,736,454,51
739,454,740,467,749,466,747,453,م
750,465,749,455,765,454,768,464,422
771,466,768,455,776,455,780,466,10
