1109,128,1113,177,1010,188,1026,131,اتو
1014,132,1005,186,832,195,841,136,گالری
642,195,816,192,822,138,655,139,مکران
882,236,753,242,756,262,887,256,۰۹۱۵۳۴۱۳۳۵۹
930,331,846,350,854,382,927,362,گالری
810,335,724,342,733,386,806,378,اتومبیل
664,340,582,353,588,394,666,376,مکران
1045,214,1096,214,1090,187,1045,192,خرید
1034,201,1034,215,1046,213,1045,196,و
979,217,1034,215,1032,189,989,193,فروش
938,219,979,217,989,193,942,195,انواع
851,221,938,219,942,195,853,201,ماشین های
797,225,850,221,852,198,797,201,ایرانی
787,205,786,224,796,223,797,207,و
718,226,785,222,784,197,718,205,خارجی
896,244,939,241,940,257,898,257,بامری
1001,238,1002,257,943,257,943,242,مدیریت
