752,533,751,609,967,607,953,512,الکترو
742,583,740,498,616,550,621,604,فنی
605,581,605,486,450,531,427,593,ناصر
993,657,993,687,953,687,959,667,تعمیر
942,663,944,687,949,688,954,665,و
940,680,940,665,913,667,918,686,سیم
912,658,913,690,872,683,873,663,پیچی
866,655,868,683,823,685,828,650,انواع
822,648,821,676,725,677,733,649,الکتروموتور
718,640,716,672,664,676,667,645,کفکش
653,643,654,658,648,675,661,669,و
654,643,647,676,547,667,555,637,ژنراتورهای
547,638,542,665,503,661,509,633,سبک
492,633,489,661,436,662,438,634,سنگین
672,701,671,726,494,720,498,693,۰۹۱۵۳۴۵۸۱۳۳
810,706,811,734,697,728,695,696,۳۳۳۴۱۴۳
870,708,870,734,829,734,831,707,تلفن
