959,413,981,584,1231,604,1192,429,برق
938,421,969,578,573,557,556,390,صنعتی
517,365,546,549,217,528,212,332,لیپار
306,886,312,952,23,951,18,873,۳۵۳۳۰۴۹۸
773,898,780,957,492,953,483,894,۰۹۱۱۳۷۱۹۴۰۰
615,796,620,829,588,834,592,804,و
759,781,764,837,625,843,630,791,کنتاکتور
835,785,837,835,764,846,763,786,کلید
924,790,933,846,843,848,838,794,انواع
1195,634,1215,685,1046,683,1056,631,اتوماسیون
1045,622,1047,676,928,679,933,623,طراحی
893,633,921,631,926,671,902,672,و
886,611,898,661,788,659,786,611,ساخت
780,599,790,653,638,649,632,600,تابلوهای
628,598,636,646,562,647,557,597,برق
551,582,555,636,349,625,337,571,کارخانجات
407,674,412,724,290,718,292,663,صنعتی
426,679,479,679,489,740,416,730,برق
593,679,597,730,479,724,488,671,قطعات
691,691,698,746,603,744,598,695,بورس
840,693,840,745,719,747,710,693,نگهداری
871,710,870,748,845,751,838,712,و
941,699,948,753,867,755,862,717,تعمیر
1048,704,1053,752,966,759,969,703,خازنی
1145,712,1165,770,1055,766,1062,717,بانکهای
1232,713,1242,766,1156,763,1154,712,ساخت
