1175,232,1181,313,1279,310,1273,238,تمانی
1169,249,1175,314,1143,317,1143,262,و
1140,238,1135,314,1019,314,1015,242,کارگاه
1011,239,1014,317,916,321,897,249,تیرچه
891,243,902,321,796,318,791,249,بلوک
780,246,787,330,603,351,610,253,هوتی
1273,315,1272,339,1224,343,1220,318,کننده
1217,316,1221,349,1173,350,1166,318,بلوک
1162,318,1170,353,1101,357,1095,323,دیواری
1092,323,1098,354,1082,354,1081,328,و
1078,321,1078,353,1026,353,1029,325,سقفی
1020,325,1022,352,1007,350,1009,329,،
1006,321,1003,357,949,353,947,325,تیرچه
1265,354,1267,380,1277,376,1277,355,،
1260,352,1263,380,1206,387,1203,353,سیمان
1199,359,1202,380,1185,380,1186,359,،
1182,352,1180,387,1154,385,1153,360,گچ
1148,359,1151,379,1143,380,1141,361,،
1137,357,1137,387,1078,389,1081,357,سیمان
1076,359,1077,385,1030,391,1031,359,سفید
1027,362,1029,393,1013,391,1014,366,و
1010,361,1012,393,966,393,971,364,پودر
962,359,965,391,915,391,913,361,سنگ
911,363,914,390,902,390,902,366,،
897,355,900,395,863,395,863,363,فوم
860,366,860,393,843,395,845,372,و
842,360,842,394,767,399,767,366,ایزوگام
976,484,983,510,997,510,993,486,با
924,486,928,513,981,510,975,486,مدیریت
914,486,917,509,927,508,923,488,:
874,491,874,516,915,513,915,484,هوتی
638,485,635,517,798,516,792,486,۰۹۱۵۵۴۵۹۸۱۹
