719,250,719,334,924,329,923,239,فروشگاه
708,255,705,341,597,335,599,259,مواد
581,259,587,335,431,353,431,283,غذایی
404,307,405,495,16,553,16,334,اقیانو
951,502,951,550,845,554,839,514,عرضه
833,505,835,563,741,574,741,519,انواع
733,518,736,566,580,575,580,521,موادهای
573,525,576,567,468,583,459,535,غذایی
953,563,949,621,821,625,811,578,لبنیاتی
808,587,813,618,796,614,795,590,،
788,574,787,627,656,630,651,585,خوراکی
645,587,652,631,623,633,627,591,و
620,590,619,637,461,643,459,597,بهداشتی
304,618,304,677,0,679,0,635,۰۹۱۵۸۴۵۹۰۴۸
