1258,284,1258,466,1032,460,1029,301,ادویه
1012,298,1010,457,716,404,739,263,جات
698,316,700,452,627,452,649,313,و
611,274,611,466,388,412,404,248,مواد
365,242,365,416,8,438,41,276,غذایی
920,455,925,672,437,666,449,485,ایوب
543,712,546,762,639,766,647,716,0936
653,712,653,759,714,762,728,716,297
737,711,728,758,822,756,823,717,0900
95,255,95,268,70,265,76,249,چاپ
71,253,71,266,47,264,47,254,بلوچ
43,264,42,273,55,273,55,265,054
56,266,55,272,60,272,60,266,-
61,266,59,273,94,275,93,266,3533969
1088,662,1090,682,1150,669,1144,654,Cappuchino
1185,679,1186,693,1221,692,1222,679,NESCAFE
1252,662,1252,673,1280,673,1280,661,NESCAF
1276,682,1274,673,1255,673,1256,683,GOL
