1489,372,2698,130,2633,437,1509,560,ساندویچی

731,365,1451,297,1444,608,731,604,رضوان

2315,710,2711,656,2670,847,2329,891,انواع

1701,755,2298,686,2274,864,1714,936,ساندویچ

1421,755,1704,741,1666,983,1414,946,گرم

1332,823,1403,796,1376,936,1325,919,و

1028,823,1304,823,1246,939,987,912,سرد

673,662,772,669,748,782,676,772,لژ

249,686,639,676,628,775,212,796,خانوادگی

2264,1082,2520,1076,2500,1188,2288,1246,تلفن

1905,1120,2254,1089,2206,1240,1912,1260,تماس

1185,1137,1769,1130,1728,1257,1195,1260,۲۲۲۳۴۸۲

