807,359,1664,455,1726,834,856,673,فروشگاه

49,442,765,462,904,836,38,1195,دانیال

1639,942,1805,933,1798,1025,1655,1027,عرضه

1502,926,1628,933,1637,1016,1513,1018,انواع

1345,921,1460,930,1466,1018,1336,995,مواد

1164,921,1318,924,1329,998,1177,1009,غذایی

1000,942,1119,921,1123,1013,1011,1009,برنج

832,912,951,924,966,980,830,998,شکر

657,989,791,998,794,926,650,921,روغن

1525,1025,1567,1027,1610,1114,1560,1121,با

1314,1034,1529,1040,1538,1101,1341,1119,مدیریت

1072,1029,1285,1025,1287,1096,1096,1108,شعیب

888,1034,1076,1020,1076,1105,917,1101,دشتی

708,1143,1213,1155,1197,1262,722,1249,۰۹۱۰۸۸۵۶۰۲۲
1260,1150,1735,1157,1769,1258,1278,1249,۰۹۹۲۸۵۷۰۲۶۹
