1950,357,3044,363,3044,886,1987,830,پاساژ

769,384,1888,507,1851,815,707,861,سرباز

2878,935,3143,947,3149,1002,2918,1021,صندل

2841,950,2888,953,2903,1015,2848,1012,و

2528,950,2832,941,2854,1018,2528,1046,دمپایی

2094,950,2245,950,2239,1027,2106,1030,انواع

1931,959,2091,963,2097,1042,1937,1033,پتو

1876,963,1916,963,1931,1036,1888,1030,و

1636,956,1870,956,1882,1030,1639,1030,پارچه

1150,966,1313,959,1307,1030,1162,1055,لوازم

953,975,1159,963,1135,1064,944,1049,آرایشی

904,996,941,987,923,1064,892,1049,و

664,987,901,984,883,1064,646,1049,بهداشتی

