497,506,573,365,1110,385,1119,530,لوازم التحریر
148,347,509,373,462,524,114,489,سروش
1113,598,1118,567,1150,574,1151,598,پخش
1082,595,1089,568,1118,571,1109,598,تحریر
1045,595,1053,567,1082,567,1083,595,اداری
991,597,1004,564,1033,567,1039,597,بایگانی
936,597,948,564,989,560,982,603,مدارس
798,589,803,567,856,570,857,591,مهندسی
748,591,748,565,791,568,791,586,هنری
700,585,707,557,736,565,736,591,بازی
650,556,697,559,697,585,651,583,فکری
88,545,270,553,262,579,89,573,۰۹۱۵۹۴۵۶۴۲۹
667,818,748,773,760,797,683,844,papco
663,903,754,842,785,889,694,932,پاپکو
227,835,344,838,333,888,215,882,نوشت افزار
73,798,191,759,194,806,97,832,فتوکپی
191,874,192,830,88,868,105,898,پرس
195,898,147,916,161,941,197,924,اداری
82,935,136,918,148,936,105,959,بایگانی
