801,297,803,259,871,268,865,311,فروش
685,245,797,258,794,301,689,285,ایزوگام
762,338,773,297,869,312,865,351,نقره ای
683,294,768,303,757,342,691,330,شرق
794,389,806,348,868,357,871,395,اجرای
759,382,766,342,797,348,792,389,قیر 
736,373,742,354,759,354,753,386,و
670,339,741,342,729,379,682,373,گونی
683,379,863,397,862,427,692,415,۰۹۱۵۵۴۵۸۸۶۴
613,745,670,524,1268,500,1271,735,یزوگام
336,568,639,554,607,679,318,682,نقره ای
127,594,318,576,295,662,126,685,شرق
1159,797,1248,794,1245,827,1169,829,دکامی
532,514,556,514,559,544,529,548,با 
300,523,530,512,523,547,309,554,ضمانت نامه
209,529,300,523,294,559,221,565,کتبی
910,833,907,779,974,773,982,818,۴۴
