845,145,823,276,396,270,394,103,عظام
441,311,668,327,661,275,445,263,خودرو
765,408,769,465,654,458,655,406,یدکی
646,402,648,459,445,448,445,391,بلوچستان
398,393,402,436,293,435,300,394,هوتی
269,377,268,419,197,416,201,386,کد
97,365,95,413,195,420,199,372,10089
113,195,113,211,143,213,142,197,EZAM
1043,305,1041,348,865,344,865,302,گروه
857,286,858,336,671,323,670,277,قطعات
876,412,874,473,775,470,778,409,لوازم
1049,418,1050,472,883,461,881,417,فروشگاه
951,484,952,517,785,515,778,481,10/09/2023
1051,482,1053,517,975,513,971,482,11:44
