932,22,932,121,696,133,706,40,فروشگاه
697,43,691,131,484,152,492,71,لاک سیم
485,60,478,150,360,159,364,69,عادل
479,155,478,192,367,200,371,165,الکتروموتور
547,152,545,193,490,196,494,159,شناور
610,148,606,186,547,189,551,152,کفکش
687,144,684,179,619,187,620,151,خانگی
733,149,734,183,689,186,689,155,پمپ
807,138,807,173,738,177,738,147,قطعات
868,136,866,175,809,179,812,139,انواع
940,131,938,177,869,178,872,140,فروش
896,195,896,233,838,237,843,202,انواع
836,200,836,241,759,240,760,204,بلبرینگ
746,203,745,235,660,239,661,212,کاسه نمد
647,206,643,245,587,247,588,215,خازن
803,249,800,278,815,275,818,248,و
743,247,740,276,649,283,651,252,سیم پیچی
745,279,795,278,802,240,750,240,لوازم
921,295,921,333,855,335,857,298,فروش
662,310,661,333,648,333,650,308,و
717,301,714,331,662,335,666,302,انزلی
765,299,762,329,716,335,720,300,لاکی
802,307,801,329,760,332,766,307,سیم
856,298,852,334,802,336,807,299,انواع
647,310,646,333,612,335,616,310,سیم
613,304,611,335,544,336,550,302,شناوری
904,342,903,371,841,374,849,343,بسریان
742,340,742,373,574,374,576,339,09915732770
