124,226,119,271,1,256,1,214,رستوران
2,132,0,172,81,190,86,142,موزیکال
251,166,253,188,184,190,186,171,فروشگاه
24,365,24,384,110,389,111,368,09159979282
397,368,398,387,485,388,485,369,10/09/2023
537,373,537,388,496,388,496,370,11:42
51,292,52,313,5,314,7,293,دلنشین
92,294,87,318,63,317,62,296,آرام
120,296,122,320,84,316,95,296,محیطی
59,301,60,316,51,315,53,301,و
259,226,262,237,242,236,242,226,###
222,223,223,234,240,234,240,224,###
181,225,181,234,200,235,200,225,###
217,225,218,234,202,235,202,228,###
414,169,415,182,428,186,428,173,###
439,178,440,192,428,190,428,181,###
427,143,426,158,413,154,412,144,###
440,155,439,169,427,163,427,150,###
416,196,414,208,429,215,430,202,###
441,204,440,220,426,216,430,202,###
