401,91,396,147,319,150,329,92,آنتیک
536,102,534,155,398,154,402,100,سنگ های
659,114,657,164,537,165,543,115,تخصصی
787,114,789,169,662,165,665,104,نمایشگاه
688,176,685,260,320,253,348,170,اسپرلوس
553,301,548,325,355,316,360,282,09120850140
545,334,540,362,354,352,355,324,05435332445
563,649,560,675,505,670,510,648,نمایشگاه
395,636,394,659,362,656,362,638,آنتیک
454,644,452,666,395,663,396,640,سنگ های
506,649,504,669,453,668,455,649,تخصصی
531,676,532,722,364,718,367,664,اسپرلوس
458,739,454,753,374,747,376,734,###
456,758,452,770,372,767,373,752,###
