676,111,684,193,425,195,410,101,نمایشگاه
686,246,698,321,579,324,567,253,خانه
543,260,563,334,399,343,389,271,مدرن
684,503,692,539,580,548,576,504,ساع
673,546,679,584,710,578,703,543,6
593,551,596,587,672,583,674,551,تا
670,375,674,405,645,407,641,376,3
637,372,642,410,594,415,588,377,الی
558,377,582,377,590,410,568,409,9
554,380,561,411,490,418,492,386,مهر
483,377,488,410,434,414,432,382,ماه
578,429,580,458,423,472,420,436,نمایشگاه های
643,428,647,457,585,460,581,433,دایمی
701,424,705,454,650,459,647,426,محل
627,466,630,490,552,493,551,465,منطقه
726,592,732,621,684,626,679,595,تلفن
674,595,683,622,590,634,589,598,هماهنگی
583,605,588,632,435,646,427,617,09113941451
