256,173,258,207,175,218,170,187,کابینت
157,194,156,219,173,218,170,194,و
27,196,28,232,154,220,156,185,دکوراسیون
195,219,198,249,106,257,102,226,جوان
417,374,417,391,342,392,340,378,10/09/2023
460,377,462,393,424,393,424,374,11:39
131,281,132,291,74,298,73,288,###
204,274,206,286,145,291,145,280,###
234,244,235,254,211,258,211,250,###
206,249,211,250,210,259,204,261,###
204,249,204,258,190,262,187,252,###
186,251,186,259,169,263,171,250,###
168,252,168,260,149,263,150,254,###
148,254,147,263,120,267,120,257,###
116,258,118,266,95,269,96,258,###
90,257,92,267,80,270,81,259,###
79,257,78,267,62,270,62,262,###
224,258,224,267,204,268,207,261,###
144,266,145,275,174,272,175,265,###
176,264,175,273,205,270,207,261,###
