637,57,636,115,521,115,537,57,ابزار
531,48,521,102,441,98,442,49,آلات
242,46,244,105,438,98,437,47,ساختمانی
540,116,510,215,326,205,332,104,کهولی
438,244,438,267,298,263,302,241,05435336634
453,241,448,269,591,275,599,252,09153455873
266,210,265,237,324,238,326,213,جوشکاری
79,9,75,64,143,83,148,37,جنرال
676,226,675,253,640,256,641,227,انواع
639,223,637,255,580,250,583,226,لوله های
582,219,578,251,528,249,532,219,گلپایگان
520,224,520,250,490,246,491,221,پمپ
490,215,489,240,462,239,462,218,آلات
455,214,453,240,404,238,405,214,شیرآلات
396,211,396,239,362,240,366,211,لوازم
363,209,361,240,331,240,333,210,بنایی
