982,173,974,220,869,224,874,169,فروش
1022,177,1015,223,979,222,985,174,از
1023,181,1022,222,1076,233,1077,188,###
380,111,381,187,267,193,277,120,ابزار
265,126,262,189,132,200,139,140,صنعتی
307,197,311,291,140,298,151,210,اصفهان
146,370,146,393,104,394,104,375,رضایی
248,365,250,386,151,388,149,370,09151551550
146,314,146,334,97,337,99,315,ساختمانی
153,318,152,333,144,333,145,317,و
189,314,188,331,153,334,156,315,صنعتی
213,311,213,331,187,332,191,314,ابزار
257,308,255,329,213,331,213,312,تعمیرات
297,305,297,327,262,329,265,305,فروش
263,314,261,329,254,328,257,313,و
267,337,267,359,219,360,220,342,سنگ تراش
166,345,166,368,117,367,120,344,پروفیل بر
193,342,192,363,165,364,167,344,دریل
219,342,219,364,192,364,194,343,پیکور
