463,106,463,127,414,128,419,106,سازمان
366,102,367,125,293,126,295,107,دریانوردی
413,105,414,124,379,128,384,106,بنادر
379,109,379,125,369,128,371,109,و
469,175,469,202,408,200,415,177,بندر
410,170,410,197,360,198,366,173,شهید
363,164,357,193,273,195,276,167,کلانتری
311,199,311,219,232,217,233,198,SHAHID
316,198,316,219,442,224,443,203,KALANTARI
507,206,506,226,446,225,447,205,PORT
535,142,534,161,499,165,502,142,اداره
499,140,498,161,477,163,481,142,کل
479,140,479,162,445,163,451,143,بنادر
278,136,276,160,220,158,220,137,بلوچستان
284,142,285,157,277,156,278,141,و
332,136,333,161,285,159,288,135,سیستان
372,137,372,156,334,158,334,139,استان
436,139,438,162,371,161,375,140,دریانوردی
446,144,446,161,436,160,436,147,و
