878,84,883,204,725,208,727,81,باطری
91,22,83,171,317,183,327,51,رخشانی
526,56,533,193,327,183,339,48,استارت
572,99,575,197,538,192,544,92,و
713,75,715,207,583,195,590,74,دیتام
488,304,489,335,307,335,309,299,09150217123
750,236,747,287,847,297,845,239,سیم کشی
531,228,537,287,471,285,470,229,انواع

630,231,632,281,540,286,537,239,تخصصی
727,233,727,289,635,287,635,234,تعمیرگاه
744,250,745,293,727,289,732,250,و
227,211,225,275,115,273,120,212,کارکرده
251,230,249,279,228,277,233,232,و
284,219,281,277,255,278,254,227,نو
400,237,401,279,377,281,385,239,و
377,222,379,269,295,286,283,226,اساتارت
463,228,469,285,405,281,405,217,دیتام
903,310,906,337,885,334,888,310,جواد
930,312,931,350,904,340,905,308,چاپ
537,310,538,335,627,339,629,313,CHABAHAR
638,314,642,337,694,337,691,315,TURBO
817,332,817,345,887,346,887,334,10/09/2023
893,345,929,347,927,335,892,335,11:43
