917,236,740,361,880,383,956,247,سمیه
531,229,537,347,758,350,867,244,سادات
377,179,333,374,535,367,530,172,هاشمی
735,418,724,458,777,460,792,420,وکیل
673,413,666,453,723,457,734,420,پایه
628,423,627,452,667,454,671,421,یک
520,425,515,453,626,452,627,418,دادگستری
500,428,499,427,494,454,511,451,و
420,410,409,453,495,446,500,417,مشاوره
344,410,330,446,408,446,416,415,حقوقی
298,415,289,444,332,445,342,413,قوه
225,404,217,445,290,445,302,410,قضائیه
122,128,112,212,2,240,2,119,دفتر
85,288,83,332,17,333,19,287,طراحی
58,375,55,407,-1,409,2,377,مهندس
