380,92,377,107,404,104,404,92,تعمیر
354,88,352,108,376,102,376,90,انواع
332,81,330,101,351,102,352,84,کولر
296,79,292,96,324,100,325,84,یخچال
238,70,238,91,286,96,286,76,لیاسشویی
314,122,344,123,344,107,317,107,تعمیر
308,104,306,120,314,121,314,106,و
282,98,281,118,306,118,307,102,شارژ
263,114,281,114,282,97,267,98,گاز
240,112,262,115,264,96,246,95,کولر
201,92,198,109,240,112,245,94,اتوموبیل
228,74,227,88,234,89,236,76,و
292,84,292,92,288,92,288,84,،
329,88,328,96,325,96,324,89,،
212,75,212,84,226,85,227,78,...
