1102,744,957,732,967,809,1097,822,قیمت
905,732,882,807,955,802,950,749,هر
782,717,774,782,882,799,902,737,بسته
677,702,666,789,759,787,767,727,10
554,689,544,782,659,769,661,704,تایی
945,857,942,937,809,935,842,859,استار
692,844,684,922,804,932,839,869,باکس
844,992,849,995,997,1007,987,1070,299
749,982,742,1062,854,1055,842,990,هزار
596,975,594,1052,742,1057,747,980,تومان
769,93,276,83,278,160,762,175,CHOCOLATE
772,10,286,3,286,5,288,65,SIGNATURE
328,200,571,213,564,261,348,266,TOFFEE
707,208,581,210,584,266,704,266,NUT
418,321,426,393,504,388,504,331,10
