255,117,500,177,505,243,261,190,Tak
562,63,795,111,794,21,609,0,Tak
803,36,1005,51,1033,138,825,123,Tak
1141,87,1315,114,1303,18,1182,1,Tak
1339,39,1475,85,1486,171,1354,132,Tak
349,224,348,240,399,246,397,233,تک
316,253,428,272,428,250,315,231,ماکارون
682,121,742,128,737,108,682,102,تک
657,143,775,158,772,130,654,117,ماکارون
648,93,759,114,760,94,651,75,MACARON
889,140,989,147,984,125,888,121,MACARON
918,162,973,163,967,144,919,143,تک
902,186,1002,187,993,160,893,160,ماکارون
1196,105,1277,121,1279,101,1203,85,MACARON
1223,129,1266,139,1264,117,1220,110,تک
1205,154,1281,171,1283,143,1209,128,ماکارون
1400,156,1459,173,1460,155,1403,140,MACARON
1420,165,1422,183,1453,190,1452,171,تک
1405,178,1405,199,1468,215,1468,188,ماکارون
1489,174,1604,198,1589,110,1462,85,Tak
1533,195,1599,209,1593,190,1535,180,###
1557,202,1559,219,1592,224,1589,207,###
1541,217,1542,235,1611,247,1609,226,###
1599,105,1639,184,1743,204,1713,111,Tak
752,889,756,912,855,899,853,876,۳۹۵,۰۰۰‍
731,948,731,931,884,910,889,940,260100339156
1262,570,1261,591,1319,591,1319,571,500 g
740,592,739,613,797,613,797,593,500 g
322,596,321,617,379,617,379,597,500 g
1015,584,1014,605,1072,605,1072,585,500 g
340,454,362,491,524,470,505,437,Vitamins
