256,69,404,84,402,210,257,192,پریل
633,78,748,107,745,221,639,191,پریل
881,133,957,151,959,251,876,234,پریل
1038,185,1111,191,1114,280,1037,268,پریل
641,260,661,262,661,279,641,278,در
722,272,724,291,662,282,664,266,قوی ترین
645,286,689,296,688,316,643,315,سرد
690,291,722,294,724,322,692,322,آب
1053,373,1112,382,1116,413,1053,404,###
659,333,735,347,737,379,659,371,ULTRA
1104,328,1104,346,1059,340,1059,324,قوی ترین
1044,323,1058,322,1061,340,1045,339,در
884,317,922,322,922,345,884,341,سرد
1080,342,1101,344,1103,371,1079,367,آب
1199,370,1223,372,1225,386,1199,389,سرد
1047,343,1080,347,1079,364,1047,366,سرد
1445,693,1510,680,1510,732,1446,759,فعال
1410,720,1434,710,1442,754,1413,771,در
1401,721,1405,782,1322,803,1321,748,چربی
1431,80,1430,130,1495,153,1499,109,فعال
1300,8,1299,59,1388,110,1400,57,چربی
340,311,412,324,411,293,340,282,باغلظت
20,773,20,804,99,800,104,765,شماره
310,714,358,707,361,731,310,742,آلمان
365,701,374,700,378,730,367,730,۱
416,701,418,718,382,730,377,711,شماره
701,660,701,675,668,682,668,668,آلمان
738,658,739,669,717,677,713,662,شماره
705,679,712,677,710,658,704,658,۱
642,422,641,437,682,440,682,425,فعال
627,425,639,424,639,438,628,438,در
627,441,681,443,680,457,624,456,چربی زدایی
897,358,956,367,960,398,897,389,###
925,320,946,322,948,349,924,345,آب
946,302,946,320,901,314,901,298,سرد
884,296,898,295,901,313,885,312,در
1037,444,1079,445,1078,460,1039,461,###
1035,462,1077,460,1078,475,1037,476,###
1303,409,1353,410,1358,433,1309,430,###
1204,395,1246,399,1248,419,1207,416,###
911,645,928,632,935,656,912,661,آلمان
938,642,961,642,962,655,939,659,شماره ۱
1068,631,1092,627,1095,640,1070,645,آلمان
1117,625,1119,637,1098,640,1095,626,شماره ۱
921,436,922,452,874,450,877,435,###
874,467,920,471,922,453,873,454,###
1308,383,1335,383,1335,400,1309,396,سرد
1041,853,1089,836,1090,856,1047,869,۳۹,۸۲۷
899,838,900,851,811,883,811,868,###
1218,625,1250,625,1250,637,1215,640,###
1323,611,1360,611,1362,626,1324,628,###
1373,619,1426,616,1425,633,1374,635,###
1381,511,1420,506,1421,526,1381,530,###
1419,491,1419,506,1382,508,1385,493,###
1190,461,1225,458,1219,485,1187,485,###
1299,467,1332,466,1335,495,1303,494,###
1180,223,1231,220,1246,308,1197,317,###
1297,245,1351,245,1354,322,1304,325,###
1366,279,1415,279,1414,350,1367,348,###
650,690,755,678,755,696,646,711,###
751,700,754,711,650,730,650,711,###
321,449,371,439,366,497,328,502,###
109,717,111,737,7,752,7,725,###
15,166,18,204,101,220,106,189,باغلظت
