536,627,544,656,476,668,471,641,لندن
325,685,683,635,655,554,327,587,توینینگز
1299,656,1311,708,1147,709,1151,658,تویننگز
1210,696,1210,706,1241,706,1242,693,###
150,310,242,318,238,339,148,335,۲۳۱,۰۰۰
107,339,101,353,273,363,275,349,6260468055026
744,657,756,696,696,710,683,669,چای
611,676,677,665,689,706,627,718,سیاه
491,688,608,671,619,716,498,739,کیسه ای
398,715,492,699,494,736,400,756,سنتی
243,724,392,705,395,753,249,780,انگلیسی
423,766,507,764,515,802,431,805,۱۷۰۶
518,759,576,748,585,785,523,799,سال
584,748,608,736,623,771,595,785,از
718,738,719,760,671,783,671,756,###
622,785,669,760,669,782,623,803,###
533,802,538,827,578,820,570,799,###
619,782,622,802,581,818,571,795,###
306,809,302,829,357,838,358,816,###
880,58,968,68,954,112,877,98,گلستان
999,153,1001,165,977,163,978,152,###
920,144,919,155,953,159,954,148,###
956,148,956,160,975,160,975,151,###
841,136,842,148,892,150,891,141,###
894,140,919,142,918,153,892,153,###
1110,729,1172,723,1173,746,1108,751,انگلیسی
1215,727,1216,745,1176,750,1175,731,سنتی
1272,722,1272,747,1216,748,1217,726,کیسه ای
1306,720,1307,745,1274,747,1274,723,سیاه
1335,718,1339,744,1309,748,1306,723,چای
1183,756,1221,761,1221,778,1186,775,۱۷۰۶
1225,758,1252,758,1253,776,1224,781,سال
1257,757,1266,754,1272,773,1256,779,از
1663,4,1737,22,1735,62,1666,48,###
1669,178,1747,188,1747,241,1665,226,###
1321,100,1406,120,1404,160,1311,141,###
13,21,11,41,117,49,117,30,###
11,44,93,49,88,74,10,71,کیسه ای
138,54,137,77,90,73,94,52,سیاه
179,57,181,82,141,80,141,61,چای
609,331,610,350,710,358,712,337,۳۷۹,۰۰۰
