504,742,743,712,758,775,517,814,۵۹۴,۰۰۰
258,724,375,725,375,762,266,765,Price
767,656,778,690,798,682,790,653,به
854,641,872,678,805,677,796,650,قیمت
440,877,836,804,856,846,447,922,6262753000773
749,567,762,597,832,597,824,561,فامیلا
670,570,682,606,756,603,748,575,روغن
486,573,490,614,664,606,658,563,آفتابگردان
405,580,477,571,484,610,404,619,غنی
299,587,305,617,396,610,388,579,شده
255,579,262,611,299,612,288,582,با
286,621,459,614,471,646,291,654,01/06/01
553,121,551,150,633,170,636,140,مخصوص
453,90,446,126,548,152,552,121,پخت و پز
357,64,351,89,422,109,425,81,سالاد
427,91,448,93,444,122,425,116,و
365,114,450,132,448,161,366,141,۸۱۰ گرم
