290,202,286,218,318,221,319,203,مرکز
249,198,248,215,286,219,286,207,معاینه
224,197,222,220,247,218,248,199,فنی
242,236,249,220,291,221,288,237,دماوند
146,425,144,443,162,445,162,427,76
164,445,165,425,178,429,175,445,ق
181,425,177,443,205,446,206,429,841
208,444,210,432,227,432,224,443,55
211,427,210,433,226,434,228,427,ایران
636,399,637,408,644,407,645,400,49
645,399,645,408,652,407,651,399,ق
663,400,663,408,652,407,652,401,348
877,414,879,423,888,422,886,415,75
887,414,888,422,894,425,894,415,ط
895,413,895,424,908,424,908,414,813
908,412,909,424,919,423,916,415,99
