565,17,565,34,585,17,585,34,21
519,65,519,95,571,65,571,95,شاخص
471,65,471,95,510,65,510,95,استان
451,65,451,95,462,65,462,95,و
408,65,408,95,442,65,442,95,وارد
365,65,365,95,399,65,399,95,مدار
322,65,322,95,356,65,356,95,شدن
277,65,277,95,313,65,313,95,آنها،
223,65,223,95,268,65,268,95,اجرای
178,65,178,95,214,65,214,95,طرح
127,65,127,95,169,65,169,95,توسعه
74,65,74,95,118,65,118,95,باغات
45,65,45,95,56,65,56,95,با
508,100,508,130,569,100,569,130,همکاری
474,100,474,130,497,100,497,130,یک
416,100,416,130,463,100,463,130,شرکت
332,100,332,130,405,100,405,130,دانش‌بنیان
308,100,308,130,321,100,321,130,به
253,100,253,130,297,100,297,130,منظور
172,100,172,130,242,100,242,130,الگوسازی
142,100,142,130,161,100,161,130,در
85,100,85,130,131,100,131,130,اراضی
45,100,45,130,71,100,71,130,دیم
549,135,549,165,575,135,575,165,و...
528,135,528,165,544,135,544,165,را
508,135,508,165,523,135,523,165,از
456,135,456,165,503,135,503,165,اوقاف
388,135,388,165,451,135,451,165,کرمانشاه
364,135,364,165,383,135,383,165,در
329,135,329,165,359,135,359,165,چند
302,135,302,165,324,135,324,165,ماه
251,135,251,165,297,135,297,165,گذشته
203,135,203,165,246,135,246,165,عنوان
163,135,163,165,198,135,198,165,کرد.
545,190,545,220,575,190,575,220,15
500,190,500,220,540,190,540,220,درصد
447,190,447,220,495,190,495,220,جمعیت
402,190,402,220,442,190,442,220,تهران
378,190,378,220,397,190,397,220,در
340,190,340,220,373,190,373,220,بافت
285,190,285,220,337,190,337,220,فرسوده
560,225,560,255,573,225,573,255,به
501,225,501,255,553,225,553,255,گزارش
453,225,453,255,494,225,494,255,ایسنا،
420,225,420,255,446,225,446,255,علی
384,225,384,255,413,225,413,255,اعطا
348,225,348,255,377,225,377,255,ظهر
301,225,301,255,341,225,341,255,امروز
275,225,275,255,294,225,294,255,در
225,225,225,255,268,225,268,255,حاشیه
183,225,183,255,218,225,218,255,جلسه
144,225,144,255,176,225,176,255,علنی
86,225,86,255,137,225,137,255,شورای
45,225,45,255,73,225,73,255,شهر
533,260,533,290,573,260,573,290,تهران
515,260,515,290,526,260,526,290,با
479,260,479,290,508,260,508,290,بیان
434,260,434,290,472,260,472,290,اینکه
381,260,381,290,427,260,427,290,معمولا
347,260,347,290,374,260,374,290,پس
325,260,325,290,340,260,340,290,از
274,260,274,290,318,260,318,290,وقوع
231,260,231,290,267,260,267,290,زمین
194,260,194,290,224,260,224,290,لرزه
168,260,168,290,187,260,187,290,در
121,260,121,290,161,260,161,290,تهران
101,260,101,290,114,260,114,290,تا
45,260,45,290,97,260,97,290,مدت‌ها
531,295,531,325,568,295,568,325,شاهد
459,295,459,325,519,295,519,325,برگزاری
389,295,389,325,447,295,447,325,جلسات،
324,295,324,325,377,295,377,325,برنامه‌ها
301,295,301,325,312,295,312,325,و
257,295,257,325,289,295,289,325,ارائه
195,295,195,325,245,295,245,325,طرح‌ها
172,295,172,325,183,295,183,325,و
117,295,117,325,160,295,160,325,لوایح
45,295,45,325,93,295,93,325,مختلف
523,330,523,360,571,330,571,360,هستیم،
496,330,496,360,514,330,514,360,اما
465,330,465,360,487,330,487,360,بعد
441,330,441,360,456,330,456,360,از
410,330,410,360,432,330,432,360,آن
342,330,342,360,401,330,401,360,موضوع
277,330,277,360,333,330,333,360,فراموش
217,330,217,360,268,330,268,360,می‌شود
195,330,195,360,208,330,208,360,تا
148,330,148,360,186,330,186,360,اینکه
93,330,93,360,139,330,139,360,مجددا
45,330,45,360,81,330,81,360,زمین
522,365,522,395,571,365,571,395,لرزه‌ای
487,365,487,395,513,365,513,395,رخ
442,365,442,395,478,365,478,395,دهد،
395,365,395,395,433,365,433,395,گفت:
333,365,333,395,386,365,386,395,معتقدیم
303,365,303,395,324,365,324,395,که
242,365,242,395,294,365,294,395,مواجهه
222,365,222,395,233,365,233,395,با
169,365,169,395,213,365,213,395,پدیده
126,365,126,395,160,365,160,395,زلزله
98,365,98,395,117,365,117,395,در
45,365,45,395,85,365,85,395,تهران
523,400,523,430,573,400,573,430,نیازمند
493,400,493,430,516,400,516,430,یک
447,400,447,430,486,400,486,430,میثاق
415,400,415,430,440,400,440,430,ملی
376,400,376,430,408,400,408,430,است
356,400,356,430,369,400,369,430,تا
301,400,301,430,349,400,349,430,بتوانیم
262,400,262,430,294,400,294,430,حتی
244,400,244,430,255,400,255,430,با
194,400,194,430,237,400,237,430,وجود
131,400,131,430,187,400,187,430,تغییرات
105,400,105,430,124,400,124,430,در
45,400,45,430,92,400,92,430,دولت،
507,435,507,465,572,435,572,465,شهرداری
488,435,488,465,499,435,499,465,و
436,435,436,465,480,435,480,465,مجلس
389,435,389,465,428,435,428,465,برنامه
341,435,341,465,381,435,381,465,ریزی
314,435,314,465,333,435,333,465,در
247,435,247,465,306,435,306,465,خصوص
187,435,187,465,239,435,239,465,مواجهه
168,435,168,465,179,435,179,465,با
126,435,126,465,160,435,160,465,زلزله
99,435,99,465,118,435,118,465,در
45,435,45,465,85,435,85,465,تهران
533,470,533,500,574,470,574,500,تعطیل
492,470,492,500,527,470,527,500,نشود
475,470,475,500,486,470,486,500,و
450,470,450,500,469,470,469,500,در
416,470,416,500,444,470,444,500,بازه
369,470,369,500,410,470,410,500,زمانی
312,470,312,500,363,470,363,500,کوتاه،
274,470,274,500,306,470,306,500,میان
257,470,257,500,268,470,268,500,و
225,470,225,500,251,470,251,500,بلند
182,470,182,500,219,470,219,500,مدت
153,470,153,500,176,470,176,500,راه
87,470,87,500,147,470,147,500,حل‌هایی
45,470,45,500,77,470,77,500,ارائه
539,505,539,535,575,505,575,535,شود.
546,540,546,570,572,540,572,570,وی
527,540,527,570,538,540,538,570,با
490,540,490,570,519,540,519,570,بیان
444,540,444,570,482,540,482,570,اینکه
386,540,386,570,436,540,436,570,سیاست
325,540,325,570,378,540,378,570,تشویقی
298,540,298,570,317,540,317,570,در
225,540,225,570,290,540,290,570,بافت‌های
165,540,165,570,217,540,217,570,فرسوده
101,540,101,570,157,540,157,570,کارآمد
45,540,45,570,90,540,90,570,نبوده،
536,575,536,605,574,575,574,605,گفت:
502,575,502,605,530,575,530,605,پنج
453,575,453,605,496,575,496,605,درصد
432,575,432,605,447,575,447,605,از
391,575,391,605,426,575,426,605,سطح
357,575,357,605,385,575,385,605,شهر
311,575,311,605,351,575,351,605,تهران
289,575,289,605,305,575,305,605,را
248,575,248,605,283,575,283,605,بافت
190,575,190,605,242,575,242,605,فرسوده
136,575,136,605,184,575,184,605,تشکیل
99,575,99,605,130,575,130,605,داده
82,575,82,605,93,575,93,605,و
45,575,45,605,67,575,67,605,15
529,610,529,640,572,610,572,640,درصد
470,610,470,640,521,610,521,640,جمعیت
442,610,442,640,462,610,462,640,نیز
415,610,415,640,434,610,434,640,در
382,610,382,640,407,610,407,640,این
346,610,346,640,374,610,374,640,پنج
295,610,295,640,338,610,338,640,درصد
252,610,252,640,287,610,287,640,بافت
192,610,192,640,244,610,244,640,فرسوده
135,610,135,640,184,610,184,640,زندگی
72,610,72,640,127,610,127,640,می‌کنند
45,610,45,640,56,610,56,640,و
544,645,544,675,569,645,569,675,این
500,645,500,675,533,645,533,675,نشان
439,645,439,675,489,645,489,675,می‌دهد
407,645,407,675,428,645,428,675,که
383,645,383,675,396,645,396,675,به
335,645,335,675,372,645,372,675,لحاظ
244,645,244,675,324,645,324,675,سیاست‌های
180,645,180,675,233,645,233,675,تشویقی
105,645,105,675,169,645,169,675,نتوانستیم
45,645,45,675,89,645,89,675,تسهیل
541,680,541,710,575,680,575,710,گری
501,680,501,710,536,680,536,710,کنیم
485,680,485,710,496,680,496,710,و
445,680,445,710,480,680,480,710,بافت
388,680,388,710,440,680,440,710,فرسوده
364,680,364,710,383,680,383,710,در
304,680,304,710,359,680,359,710,مجموع
244,680,244,710,299,680,299,710,همچنان
185,680,185,710,239,680,239,710,وضعیت
130,680,130,710,180,680,180,710,مطلوبی
81,680,81,710,125,680,125,710,ندارد.
501,715,501,745,566,715,566,745,سخنگوی
436,715,436,745,487,715,487,745,شورای
394,715,394,745,422,715,422,745,شهر
340,715,340,745,380,715,380,745,تهران
270,715,270,745,326,715,326,745,همچنین
237,715,237,745,256,715,256,745,در
164,715,164,745,223,715,223,745,خصوص
105,715,105,745,150,715,150,745,مصوبه
45,715,45,745,85,715,85,745,امروز
