560,17,560,34,585,17,585,34,37
520,65,520,95,572,65,572,95,نماینده
478,65,478,95,512,65,512,95,مردم
442,65,442,95,470,65,470,95,شهر
402,65,402,95,434,65,434,95,بابک
375,65,375,95,394,65,394,95,در
323,65,323,95,367,65,367,95,مجلس
264,65,264,95,315,65,315,95,شورای
208,65,208,95,256,65,256,95,اسلامی
166,65,166,95,200,65,200,95,ادامه
130,65,130,95,158,65,158,95,داد:
92,65,92,95,122,65,122,95,قرار
45,65,45,95,77,65,77,95,است
517,100,517,130,572,100,572,130,طراحان
473,100,473,130,509,100,509,130,طرح
423,100,423,130,465,100,465,130,جدید
404,100,404,130,415,100,415,130,با
341,100,341,130,396,100,396,130,طراحان
297,100,297,130,333,100,333,130,طرح
245,100,245,130,289,100,289,130,مجلس
209,100,209,130,237,100,237,130,دهم
157,100,157,130,201,100,201,130,نشستی
93,100,93,130,149,100,149,130,بگذارند
74,100,74,130,85,100,85,130,و
45,100,45,130,64,100,64,130,در
550,135,550,165,575,135,575,165,این
508,135,508,165,545,135,545,165,زمینه
444,135,444,165,503,135,503,165,همفکری
403,135,403,165,439,135,439,165,کنند
385,135,385,165,398,135,398,165,تا
366,135,366,165,380,135,380,165,ما
342,135,342,165,361,135,361,165,دو
296,135,296,165,337,135,337,165,قانون
272,135,272,165,291,135,291,165,در
248,135,248,165,267,135,267,165,دو
206,135,206,165,243,135,243,165,مقطع
146,135,146,165,201,135,201,165,تصویب
98,135,98,165,141,135,141,165,نکنیم.
53,135,53,165,93,135,93,165,علاوه
559,170,559,200,573,170,573,200,بر
527,170,527,200,552,170,552,200,این
484,170,484,200,520,170,520,200,طرح
433,170,433,200,477,170,477,200,مجلس
398,170,398,200,426,170,426,200,دهم
370,170,370,200,391,170,391,200,که
348,170,348,200,363,170,363,200,از
304,170,304,200,341,170,341,200,سوی
246,170,246,200,297,170,297,200,شورای
192,170,192,200,239,170,239,200,نگهبان
148,170,148,200,185,170,185,200,اعاده
111,170,111,200,141,170,141,200,شده
91,170,91,200,104,170,104,200,به
45,170,45,200,81,170,81,200,قوت
539,205,539,235,572,205,572,235,خود
500,205,500,235,531,205,531,235,باقی
460,205,460,235,492,205,492,235,است
434,205,434,235,452,205,452,235,اما
361,205,361,235,426,205,426,235,می‌توانیم
331,205,331,235,353,205,353,235,آن
307,205,307,235,323,205,323,235,را
260,205,260,235,299,205,299,235,مدتی
187,205,187,235,252,205,252,235,نگهداریم
158,205,158,235,179,205,179,235,که
139,205,139,235,150,205,150,235,با
95,205,95,235,131,205,131,235,طرح
45,205,45,235,87,205,87,235,جدید
541,240,541,270,575,240,575,270,تلفیق
505,240,505,270,536,240,536,270,شود
487,240,487,270,500,240,500,270,تا
444,240,444,270,482,240,482,270,نهایتا
404,240,404,270,439,240,439,270,آنچه
378,240,378,270,399,240,399,270,که
360,240,360,270,373,240,373,270,به
311,240,311,270,355,240,355,270,صلاح
256,240,256,270,306,240,306,270,کشور،
217,240,217,270,251,240,251,270,مردم
201,240,201,270,212,240,212,270,و
155,240,155,270,196,240,196,270,حوزه
106,240,106,270,150,240,150,270,صنعت
69,240,69,270,101,240,101,270,است
48,240,48,270,64,240,64,270,را
562,275,562,305,575,275,575,305,به
514,275,514,305,557,275,557,305,عنوان
453,275,453,305,509,275,509,305,خروجی
423,275,423,305,448,275,448,305,این
357,275,357,305,418,275,418,305,مصوبات
315,275,315,305,352,275,352,305,شاهد
269,275,269,305,310,275,310,305,باشیم.
495,310,495,340,572,310,572,340,رضاحسینی
435,310,435,340,487,310,487,340,یادآور
400,310,400,340,427,310,427,340,شد:
378,310,378,340,392,310,392,340,ما
341,310,341,340,370,310,370,340,هفته
287,310,287,340,333,310,333,340,گذشته
260,310,260,340,279,310,279,340,در
185,310,185,340,252,310,252,340,کمیسیون
128,310,128,340,177,310,177,340,صنایع
80,310,80,340,120,310,120,340,مفصلا
45,310,45,340,64,310,64,340,در
549,345,549,375,574,345,574,375,این
506,345,506,375,543,345,543,375,زمینه
466,345,466,375,500,345,500,375,بحث
413,345,413,375,460,345,460,375,کردیم
369,345,369,375,407,345,407,375,آقای
311,345,311,375,363,345,363,375,فرهنگی
290,345,290,375,305,345,305,375,از
229,345,229,375,284,345,284,375,طراحان
187,345,187,375,223,345,223,375,طرح
146,345,146,375,181,345,181,375,قدیم
125,345,125,375,140,345,140,375,از
94,345,94,375,119,345,119,375,این
45,345,45,375,81,345,81,375,طرح
536,380,536,410,573,380,573,410,دفاع
499,380,499,410,529,380,529,410,کرد
481,380,481,410,492,380,492,410,و
419,380,419,410,474,380,474,410,طراحان
376,380,376,410,412,380,412,410,طرح
327,380,327,410,369,380,369,410,جدید
300,380,300,410,320,380,320,410,نیز
236,380,236,410,293,380,293,410,مواردی
213,380,213,410,229,380,229,410,را
165,380,165,410,206,380,206,410,مطرح
112,380,112,410,158,380,158,410,کردند
84,380,84,410,105,380,105,410,که
45,380,45,410,75,380,75,410,سعی
519,415,519,445,573,415,573,445,می‌کنیم
447,415,447,445,512,415,512,445,دیدگاه‌ها
424,415,424,445,440,415,440,445,را
404,415,404,445,417,415,417,445,به
341,415,341,445,397,415,397,445,یکدیگر
289,415,289,445,334,415,334,445,نزدیک
247,415,247,445,282,415,282,445,کنیم
227,415,227,445,240,415,240,445,تا
164,415,164,445,220,415,220,445,خروجی
115,415,115,445,157,415,157,445,خوبی
92,415,92,445,108,415,108,445,را
45,415,45,445,83,415,83,445,داشته
534,450,534,480,575,450,575,480,باشیم.
543,485,543,515,568,485,568,515,این
497,485,497,515,531,485,531,515,عضو
445,485,445,515,485,485,485,515,هیات
392,485,392,515,433,485,433,515,رییسه
313,485,313,515,380,485,380,515,کمیسیون
252,485,252,515,301,485,301,515,صنایع
229,485,229,515,240,485,240,515,و
176,485,176,515,217,485,217,515,معادن
120,485,120,515,164,485,164,515,مجلس
45,485,45,515,96,485,96,515,شورای
527,520,527,550,575,520,575,550,اسلامی
488,520,488,550,522,520,522,550,ادامه
455,520,455,550,483,520,483,550,داد:
436,520,436,550,450,520,450,550,ما
412,520,412,550,431,520,431,550,در
363,520,363,550,407,520,407,550,کشور
317,520,317,550,358,520,358,550,قانون
289,520,289,550,312,520,312,550,کم
237,520,237,550,284,520,284,550,نداریم
203,520,203,550,232,520,232,550,بلکه
155,520,155,550,198,520,198,550,مشکل
136,520,136,550,150,520,150,550,ما
102,520,102,550,131,520,131,550,عدم
52,520,52,550,97,520,97,550,اجرای
525,555,525,585,573,555,573,585,صحیح
477,555,477,585,518,555,518,585,قانون
433,555,433,585,470,555,470,585,است.
387,555,387,585,426,555,426,585,تلاش
366,555,366,585,380,555,380,585,ما
334,555,334,585,359,555,359,585,این
295,555,295,585,327,555,327,585,است
267,555,267,585,288,555,288,585,که
241,555,241,585,260,555,260,585,در
209,555,209,585,234,555,234,585,این
166,555,166,585,202,555,202,585,زمین
130,555,130,585,159,555,159,585,کار
45,555,45,585,118,555,118,585,کارشناسی
537,590,537,620,574,590,574,620,انجام
497,590,497,620,531,590,531,620,دهیم
456,590,456,620,491,590,491,620,شاید
437,590,437,620,450,590,450,620,به
393,590,393,620,431,590,431,620,نوعی
339,590,339,620,387,590,387,620,بتوانیم
308,590,308,620,333,590,333,620,این
283,590,283,620,302,590,302,620,دو
241,590,241,620,277,590,277,620,طرح
219,590,219,620,235,590,235,620,را
202,590,202,620,213,590,213,620,با
140,590,140,620,196,590,196,620,یکدیگر
96,590,96,620,134,590,134,620,ادغام
45,590,45,620,80,590,80,620,کنیم
548,625,548,655,575,625,575,655,چرا
522,625,522,655,543,625,543,655,که
437,625,437,655,517,625,517,655,نمی‌خواهیم
396,625,396,655,432,625,432,655,صرفا
350,625,350,655,391,625,391,655,قانون
290,625,290,655,345,625,345,655,تصویب
246,625,246,655,285,625,285,655,کنیم.
546,680,546,710,575,680,575,710,20
507,680,507,710,541,680,541,710,طرح
465,680,465,710,502,680,502,710,حوزه
405,680,405,710,460,680,460,710,فوتونیک
389,680,389,710,400,680,400,710,و
355,680,355,710,384,680,384,710,لیزر
304,680,304,710,350,680,350,710,حمایت
265,680,265,710,301,680,301,710,شدند
559,715,559,745,572,715,572,745,به
499,715,499,745,551,715,551,745,گزارش
450,715,450,745,491,715,491,745,ایسنا،
428,715,428,745,442,715,442,745,بر
380,715,380,745,420,715,420,745,اساس
284,715,284,745,372,715,372,745,فراخوان‌های
240,715,240,745,276,715,276,745,اعلام
202,715,202,745,232,715,232,745,شده
179,715,179,745,194,715,194,745,از
134,715,134,745,171,715,171,745,سوی
101,715,101,745,126,715,126,745,این
45,715,45,745,84,715,84,745,ستاد،
