571,17,571,34,585,17,585,34,3
534,65,534,95,567,65,567,95,هزار
473,65,473,95,521,65,521,95,میلیارد
425,65,425,95,460,65,460,95,ریال
350,65,350,95,412,65,412,95,تسهیلات
324,65,324,95,337,65,337,95,به
286,65,286,95,311,65,311,95,این
216,65,216,95,273,65,273,95,مجموعه
145,65,145,95,203,65,203,95,پرداخت
102,65,102,95,132,65,132,95,شده
45,65,45,95,82,65,82,95,است.
519,100,519,130,569,100,569,130,رحیمی
479,100,479,130,508,100,508,130,بیان
433,100,433,130,468,100,468,130,کرد:
396,100,396,130,422,100,422,130,کل
338,100,338,130,385,100,385,130,سرمایه
276,100,276,130,327,100,327,130,گذاری
228,100,228,130,265,100,265,130,انجام
187,100,187,130,217,100,217,130,شده
157,100,157,130,176,100,176,130,در
121,100,121,130,146,100,146,130,این
45,100,45,130,102,100,102,130,مجموعه
525,135,525,165,572,135,572,165,تعاونی
496,135,496,165,517,135,517,165,که
475,135,475,165,488,135,488,165,به
414,135,414,165,467,135,467,165,صورت
357,135,357,165,406,135,406,165,نمادین
303,135,303,165,349,135,349,165,افتتاح
274,135,274,165,295,135,295,165,می
228,135,228,165,266,135,266,165,شود،
188,135,188,165,220,135,220,165,140
147,135,147,165,180,135,180,165,هزار
91,135,91,165,139,135,139,165,میلیارد
45,135,45,165,80,135,80,165,ریال
543,170,543,200,575,170,575,200,است
517,170,517,200,538,170,538,200,که
467,170,467,200,512,170,512,200,فرصت
417,170,417,200,462,170,462,200,اشتغال
380,170,380,200,412,170,412,200,150
356,170,356,200,375,170,375,200,نفر
332,170,332,200,351,170,351,200,در
305,170,305,200,327,170,327,200,فاز
273,170,273,200,300,170,300,200,اول
257,170,257,200,268,170,268,200,و
233,170,233,200,252,170,252,200,در
191,170,191,200,228,170,228,200,ناحیه
140,170,140,200,186,170,186,200,صنعتی
99,170,99,200,135,170,135,200,شهید
41,170,41,200,94,170,94,200,همرنگ
538,205,538,235,575,205,575,235,رضی
514,205,514,235,533,205,533,235,در
475,205,475,235,509,205,509,235,قالب
445,205,445,235,470,205,470,235,این
383,205,383,235,440,205,440,235,مجموعه
331,205,331,235,378,205,378,235,تعاونی
288,205,288,235,326,205,326,235,فراهم
247,205,247,235,283,205,283,235,آمده
205,205,205,235,242,205,242,235,است.
540,260,540,290,575,260,575,290,100
495,260,495,290,535,260,535,290,پروژه
434,260,434,290,490,260,490,290,پژوهشی
395,260,395,290,429,260,429,290,تقاضا
353,260,353,290,390,260,390,290,محور
301,260,301,290,348,260,348,290,داریم/
271,260,271,290,296,260,296,290,این
225,260,225,290,266,260,266,290,میزان
184,260,184,290,220,260,220,290,کافی
144,260,144,290,181,260,181,290,نیست
538,295,538,325,573,295,573,325,دکتر
494,295,494,325,531,295,531,325,فرزاد
446,295,446,325,487,295,487,325,ویسی
420,295,420,325,439,295,439,325,در
369,295,369,325,413,295,413,325,نشستی
320,295,320,325,362,295,362,325,خبری
292,295,292,325,313,295,313,325,که
245,295,245,325,285,295,285,325,امروز
209,295,209,325,238,295,238,325,(19
166,295,166,325,202,295,202,325,آذر)
140,295,140,325,159,295,159,325,در
88,295,88,325,133,295,133,325,آستانه
45,295,45,325,74,295,74,325,هفته
518,330,518,360,572,330,572,360,پژوهش
464,330,464,360,510,330,510,360,برگزار
427,330,427,360,456,330,456,360,شد،
365,330,365,360,419,330,419,360,پژوهش
346,330,346,360,357,330,357,360,و
286,330,286,360,338,330,338,360,فناوری
262,330,262,360,278,330,278,360,را
214,330,214,360,254,330,254,360,اساس
164,330,164,360,206,330,206,360,توسعه
145,330,145,360,156,330,156,360,و
87,330,87,360,137,330,137,360,معیاری
45,330,45,360,78,330,78,360,برای
529,365,529,395,571,365,571,395,توسعه
471,365,471,395,520,365,520,395,یافتگی
443,365,443,395,462,365,462,395,هر
390,365,390,395,434,365,434,395,کشور
335,365,335,395,381,365,381,395,دانست
315,365,315,395,326,365,326,395,و
266,365,266,395,306,365,306,395,اظهار
222,365,222,395,257,365,257,395,کرد:
166,365,166,395,213,365,213,395,امروزه
100,365,100,395,157,365,157,395,برخلاف
45,365,45,395,91,365,91,395,گذشته
533,400,533,430,572,400,572,430,میزان
481,400,481,430,525,400,525,430,اقتدار
454,400,454,430,473,400,473,430,هر
402,400,402,430,446,400,446,430,کشور
350,400,350,430,394,400,394,430,بستگی
329,400,329,430,342,400,342,430,به
282,400,282,430,321,400,321,430,میزان
212,400,212,430,274,400,274,430,تولیدات
169,400,169,430,204,400,204,430,علمی
150,400,150,430,161,400,161,430,و
85,400,85,430,142,400,142,430,پژوهشی
45,400,45,430,77,400,77,430,است
554,435,554,465,575,435,575,465,که
530,435,530,465,549,435,549,465,در
503,435,503,465,525,435,525,465,آن
454,435,454,465,498,435,498,465,کشور
412,435,412,465,449,435,449,465,انجام
386,435,386,465,407,435,407,465,می
342,435,342,465,381,435,381,465,گیرد.
542,470,542,500,568,470,568,500,وی
481,470,481,500,530,470,530,500,بااشاره
456,470,456,500,469,470,469,500,به
376,470,376,500,444,470,444,500,نامگذاری
335,470,335,500,364,470,364,500,هفته
269,470,269,500,323,470,323,500,پژوهش
217,470,217,500,257,470,257,500,امسال
192,470,192,500,205,470,205,500,به
137,470,137,500,180,470,180,500,عنوان
71,470,71,500,125,470,125,500,پژوهش
45,470,45,500,56,470,56,500,و
519,505,519,535,571,505,571,535,فناوری
491,505,491,535,510,505,510,535,در
434,505,434,535,482,505,482,535,خدمت
384,505,384,535,425,505,425,535,جهش
329,505,329,535,375,505,375,535,تولید،
282,505,282,535,320,505,320,535,گفت:
245,505,245,535,273,505,273,535,قطعا
195,505,195,535,236,505,236,535,جهش
147,505,147,535,186,505,186,535,تولید
100,505,100,535,138,505,138,535,بدون
45,505,45,535,82,505,82,535,انجام
517,540,517,570,571,540,571,570,پژوهش
497,540,497,570,508,540,508,570,و
436,540,436,570,488,540,488,570,فناوری
359,540,359,570,427,540,427,570,امکانپذیر
312,540,312,570,350,540,350,570,نیست
292,540,292,570,303,540,303,570,و
258,540,258,570,283,540,283,570,این
219,540,219,570,249,540,249,570,بستر
191,540,191,570,210,540,210,570,در
138,540,138,570,182,540,182,570,کشور
118,540,118,570,129,540,129,570,و
70,540,70,570,109,540,109,570,استان
45,540,45,570,59,540,59,570,ما
526,575,526,605,575,575,575,605,باتوجه
508,575,508,605,521,575,521,605,به
468,575,468,605,503,575,503,605,حجم
432,575,432,605,463,575,463,605,قابل
389,575,389,605,427,575,427,605,توجه
322,575,322,605,384,575,384,605,تولیدات
282,575,282,605,317,575,317,605,علمی
266,575,266,605,277,575,277,605,و
204,575,204,605,261,575,261,605,پژوهشی
159,575,159,605,199,575,199,605,کاملا
116,575,116,605,154,575,154,605,فراهم
74,575,74,605,111,575,111,605,است.
526,610,526,640,568,610,568,640,معاون
457,610,457,640,514,610,514,640,پژوهشی
392,610,392,640,445,610,445,640,دانشگاه
341,610,341,640,380,610,380,640,رازی
293,610,293,640,329,610,329,640,اعلام
246,610,246,640,281,610,281,640,کرد:
181,610,181,640,234,610,234,640,براساس
104,610,104,640,169,610,169,640,معیارهای
45,610,45,640,90,610,90,640,جهانی
542,645,542,675,573,645,573,675,رتبه
490,645,490,675,535,645,535,675,بندی،
446,645,446,675,483,645,483,675,ایران
424,645,424,675,439,645,439,675,از
394,645,394,675,417,645,417,675,نظر
333,645,333,675,387,645,387,675,پژوهش
315,645,315,675,326,645,326,675,و
269,645,269,675,308,645,308,675,تولید
227,645,227,675,262,645,262,675,علمی
201,645,201,675,220,645,220,675,در
163,645,163,675,194,645,194,675,رتبه
125,645,125,675,156,645,156,675,های
97,645,97,675,118,645,118,675,14
77,645,77,675,90,645,90,675,تا
45,645,45,675,67,645,67,675,16
527,680,527,710,572,680,572,710,جهانی
489,680,489,710,519,680,519,710,قرار
449,680,449,710,481,680,481,710,دارد
420,680,420,710,441,680,441,710,که
348,680,348,710,412,680,412,710,جایگاهی
294,680,294,710,340,680,340,710,افتخار
254,680,254,710,286,680,286,710,آمیز
207,680,207,710,246,680,246,710,است،
181,680,181,710,199,680,199,710,اما
119,680,119,710,173,680,173,710,متاسفانه
96,680,96,710,111,680,111,710,از
45,680,45,710,82,680,82,710,سوی
540,715,540,745,575,715,575,745,دیگر
514,715,514,745,535,715,535,745,می
476,715,476,745,509,715,509,745,بینیم
450,715,450,745,471,715,471,745,که
399,715,399,745,445,715,445,745,علیرغم
361,715,361,745,394,715,394,745,آمار
317,715,317,745,356,715,356,745,بالای
258,715,258,745,312,715,312,745,پژوهش
242,715,242,745,253,715,253,745,و
198,715,198,745,237,715,237,745,تولید
158,715,158,745,193,715,193,745,علمی
134,715,134,745,153,715,153,745,در
91,715,91,745,129,715,129,745,برخی
51,715,51,745,86,715,86,745,دیگر
