564,17,564,34,585,17,585,34,41
531,65,531,95,573,65,573,95,حسین
483,65,483,95,524,65,524,95,ویسی
463,65,463,95,476,65,476,95,به
403,65,403,95,456,65,456,95,مناسبت
374,65,374,95,396,65,396,95,20
323,65,323,95,367,65,367,95,خرداد
286,65,286,95,316,65,316,95,روز
234,65,234,95,279,65,279,95,جهانی
178,65,178,95,227,65,227,95,صنایع
133,65,133,95,171,65,171,95,دستی
107,65,107,95,126,65,126,95,در
67,65,67,95,100,65,100,95,گفت
45,65,45,95,56,65,56,95,و
546,100,546,130,569,100,569,130,گو
524,100,524,130,535,100,535,130,با
472,100,472,130,513,100,513,130,ایسنا،
412,100,412,130,461,100,461,130,بااشاره
388,100,388,130,401,100,401,130,به
332,100,332,130,377,100,377,130,فعالیت
299,100,299,130,321,100,321,130,20
255,100,255,130,288,100,288,130,هزار
196,100,196,130,244,100,244,130,هنرمند
136,100,136,130,185,100,185,130,صنایع
87,100,87,130,125,100,125,130,دستی
45,100,45,130,64,100,64,130,در
500,135,500,165,569,135,569,165,کرمانشاه،
417,135,417,165,489,135,489,165,اظهارکرد:
381,135,381,165,406,135,406,165,این
332,135,332,165,370,135,370,165,تعداد
273,135,273,165,321,135,321,165,هنرمند
243,135,243,165,262,135,262,165,در
189,135,189,165,232,135,232,165,حدود
154,135,154,165,178,135,178,165,65
109,135,109,165,143,135,143,165,رشته
45,135,45,165,94,135,94,165,صنایع
537,170,537,200,575,170,575,200,دستی
487,170,487,200,532,170,532,200,فعالیت
422,170,422,200,482,170,482,200,می‌کنند.
547,205,547,235,573,205,573,235,وی
490,205,490,235,540,205,540,235,تصریح
448,205,448,235,483,205,483,235,کرد:
395,205,395,235,441,205,441,235,علیرغم
363,205,363,235,388,205,388,235,این
323,205,323,235,356,205,356,235,تعدد
253,205,253,235,316,205,316,235,رشته‌های
197,205,197,235,246,205,246,235,صنایع
145,205,145,235,190,205,190,235,دستی،
119,205,119,235,138,205,138,235,در
74,205,74,235,112,205,112,235,برخی
45,205,45,235,60,205,60,235,از
547,240,547,270,572,240,572,270,این
491,240,491,270,539,240,539,270,رشته‌ها
421,240,421,270,483,240,483,270,تولیدات
402,240,402,270,413,240,413,270,و
356,240,356,270,394,240,394,270,تعداد
283,240,283,270,348,240,348,270,هنرمندان
225,240,225,270,275,240,275,270,بیشتری
177,240,177,270,217,240,217,270,داریم
148,240,148,270,169,240,169,270,که
125,240,125,270,140,240,140,270,از
83,240,83,270,117,240,117,270,جمله
45,240,45,270,74,240,74,270,آنها
514,275,514,305,570,275,570,305,می‌توان
491,275,491,305,504,275,504,305,به
450,275,450,305,481,275,481,305,گلیم
386,275,386,305,440,275,440,305,هرسین،
340,275,340,305,376,275,376,305,گیوه
252,275,252,305,330,275,330,305,اورامانات،
169,275,169,305,242,275,242,305,ابزارآلات
126,275,126,305,159,275,159,305,فلزی
68,275,68,305,116,275,116,305,دالاهو
45,275,45,305,56,275,56,305,و
519,310,519,340,575,310,575,340,سازهای
478,310,478,340,514,310,514,340,سنتی
432,310,432,340,473,310,473,340,صحنه
389,310,389,340,427,310,427,340,اشاره
349,310,349,340,384,310,384,340,کرد.
510,345,510,375,571,345,571,375,سرپرست
449,345,449,375,501,345,501,375,معاونت
391,345,391,375,440,345,440,375,صنایع
344,345,344,375,382,345,382,375,دستی
296,345,296,375,335,345,335,375,استان
237,345,237,375,287,345,287,375,نداشتن
193,345,193,375,228,345,228,375,بازار
141,345,141,375,184,345,184,375,فروش
116,345,116,375,132,345,132,375,را
75,345,75,375,107,345,107,375,یکی
45,345,45,375,60,345,60,375,از
508,380,508,410,569,380,569,410,مشکلات
432,380,432,410,497,380,497,410,هنرمندان
372,380,372,410,421,380,421,410,صنایع
323,380,323,410,361,380,361,410,دستی
273,380,273,410,312,380,312,410,استان
226,380,226,410,262,380,262,410,اعلام
185,380,185,410,215,380,215,410,کرد
163,380,163,410,174,380,174,410,و
114,380,114,410,152,380,152,410,گفت:
88,380,88,410,103,380,103,410,از
45,380,45,410,74,380,74,410,سال
519,415,519,445,565,415,565,445,گذشته
429,415,429,445,504,415,504,445,فعالیت‌های
365,415,365,445,414,415,414,445,عمرانی
308,415,308,445,350,415,350,445,خوبی
260,415,260,445,293,415,293,445,برای
206,415,206,445,245,415,245,445,ایجاد
108,415,108,445,191,415,191,445,بازارچه‌های
45,415,45,445,86,415,86,445,دائمی
524,450,524,480,573,450,573,480,صنایع
479,450,479,480,517,450,517,480,دستی
453,450,453,480,472,450,472,480,در
411,450,411,480,446,450,446,480,سطح
365,450,365,480,404,450,404,480,استان
323,450,323,480,358,450,358,480,آغاز
286,450,286,480,316,450,316,480,شده
258,450,258,480,279,450,279,480,که
240,450,240,480,251,450,251,480,با
197,450,197,480,233,450,233,480,اتمام
161,450,161,480,190,450,190,480,آنها
104,450,104,480,154,450,154,480,ظرفیت
45,450,45,480,87,450,87,480,خوبی
542,485,542,515,575,485,575,515,برای
494,485,494,515,537,485,537,515,فروش
440,485,440,515,489,485,489,515,صنایع
397,485,397,515,435,485,435,515,دستی
327,485,327,515,392,485,392,515,هنرمندان
270,485,270,515,322,485,322,515,صنعتگر
226,485,226,515,265,485,265,515,استان
167,485,167,515,221,485,221,515,خواهیم
116,485,116,515,162,485,162,515,داشت.
547,520,547,550,573,520,573,550,وی
469,520,469,550,540,520,540,550,خاطرنشان
427,520,427,550,462,520,462,550,کرد:
372,520,372,550,420,520,420,550,بعلاوه،
346,520,346,550,365,520,365,550,در
316,520,316,550,339,520,339,550,نظر
269,520,269,550,309,520,309,550,داریم
249,520,249,550,262,520,262,550,تا
231,520,231,550,242,520,242,550,با
201,520,201,550,224,520,224,550,راه
144,520,144,550,194,520,194,550,اندازی
45,520,45,550,128,520,128,550,بازارچه‌های
528,555,528,585,571,555,571,585,موقت
476,555,476,585,519,555,519,585,فروش
418,555,418,585,467,555,467,585,صنایع
371,555,371,585,409,555,409,585,دستی
343,555,343,585,362,555,362,585,در
303,555,303,585,334,555,334,585,آخر
265,555,265,585,294,555,294,585,هفته
233,555,233,585,256,555,256,585,ها،
199,555,199,585,224,555,224,585,این
140,555,140,585,190,555,190,585,ظرفیت
115,555,115,585,131,555,131,585,را
86,555,86,585,106,555,106,585,هم
45,555,45,585,78,555,78,585,برای
505,590,505,620,570,590,570,620,هنرمندان
461,590,461,620,495,590,495,620,رشته
420,590,420,620,451,590,451,620,های
362,590,362,620,410,590,410,620,مختلف
303,590,303,620,352,590,352,620,صنایع
255,590,255,620,293,590,293,620,دستی
206,590,206,620,245,590,245,620,ایجاد
161,590,161,620,196,590,196,620,کنیم
138,590,138,620,151,590,151,620,تا
115,590,115,620,128,590,128,620,به
66,590,66,620,105,590,105,620,عرضه
45,590,45,620,56,590,56,620,و
532,625,532,655,575,625,575,655,فروش
435,625,435,655,527,625,527,655,محصولاتشان
367,625,367,655,430,625,430,655,بپردازند.
531,660,531,690,572,660,572,690,ویسی
467,660,467,690,523,660,523,690,همچنین
446,660,446,690,459,660,459,690,به
395,660,395,690,438,660,438,690,مشکل
359,660,359,690,387,660,387,690,بیمه
286,660,286,690,351,660,351,690,هنرمندان
229,660,229,690,278,660,278,690,صنایع
183,660,183,690,221,660,221,690,دستی
155,660,155,690,175,660,175,690,هم
109,660,109,690,147,660,147,690,اشاره
71,660,71,690,101,660,101,690,کرد
45,660,45,690,56,660,56,690,و
525,695,525,725,569,695,569,725,افزود:
467,695,467,725,514,695,514,725,هرچند
397,695,397,725,456,695,456,725,موضوع
355,695,355,725,386,695,386,725,قطع
316,695,316,725,344,695,344,725,بیمه
240,695,240,725,305,695,305,725,هنرمندان
180,695,180,725,229,695,229,725,صنایع
131,695,131,725,169,695,169,725,دستی
45,695,45,725,111,695,111,725,موضوعی
