562,17,562,34,585,17,585,34,82
545,85,545,115,575,85,575,115,40
500,85,500,115,540,85,540,115,درصد
450,85,450,115,495,85,495,115,مساکن
388,85,388,115,445,85,445,115,روستایی
324,85,324,115,383,85,383,115,شهرستان
285,85,285,115,319,85,319,115,اسکو
207,85,207,115,280,85,280,115,مقاوم‌سازی
172,85,172,115,202,85,202,115,شده
137,85,137,115,169,85,169,115,است
539,120,539,150,571,120,571,150,بابک
493,120,493,150,530,120,530,150,رضی
450,120,450,150,484,120,484,150,منش
411,120,411,150,441,120,441,150,روز
332,120,332,150,402,120,402,150,یکشنبهدر
289,120,289,150,323,120,323,150,آئین
238,120,238,150,280,120,280,150,تجلیل
214,120,214,150,229,120,229,150,از
138,120,138,150,205,120,205,150,شهرداران
118,120,118,150,129,120,129,150,و
45,120,45,150,101,120,101,150,دهیاران
507,155,507,185,568,155,568,185,شهرستان
450,155,450,185,495,155,495,185,اسکو،
398,155,398,185,438,155,438,185,اظهار
351,155,351,185,386,155,386,185,کرد:
299,155,299,185,339,155,339,185,دولت
249,155,249,185,287,155,287,185,تدبیر
226,155,226,185,237,155,237,185,و
185,155,185,185,214,155,214,185,امید
135,155,135,185,173,155,173,185,توجه
110,155,110,185,123,155,123,185,به
45,155,45,185,87,155,87,185,توسعه
497,190,497,220,574,190,574,220,روستاهایی
475,190,475,220,491,190,491,220,را
456,190,456,220,469,190,469,220,نه
431,190,431,220,450,190,450,220,در
392,190,392,220,425,190,425,220,شعار
357,190,357,220,386,190,386,220,بلکه
332,190,332,220,351,190,351,220,در
295,190,295,220,326,190,326,220,عمل
254,190,254,220,289,190,289,220,ثابت
218,190,218,220,248,190,248,220,کرد
191,190,191,220,212,190,212,220,که
166,190,166,220,185,190,185,220,در
135,190,135,220,160,190,160,220,این
92,190,92,220,129,190,129,220,راستا
45,190,45,220,84,190,84,220,میزان
516,225,516,255,571,225,571,255,واریزی
494,225,494,255,507,225,507,255,به
400,225,400,255,485,225,485,255,دهیاری‌های
330,225,330,255,391,225,391,255,شهرستان
293,225,293,255,321,225,321,255,پنج
252,225,252,255,284,225,284,255,برابر
206,225,206,255,243,225,243,255,مدت
160,225,160,255,197,225,197,255,مشابه
132,225,132,255,151,225,151,255,در
83,225,83,255,123,225,123,255,دولت
45,225,45,255,71,225,71,255,قبل
538,260,538,290,575,260,575,290,است.
545,295,545,325,571,295,571,325,وی
452,295,452,325,536,295,536,325,افزود:جهش
404,295,404,325,443,295,443,325,تولید
382,295,382,325,395,295,395,325,به
330,295,330,325,373,295,373,325,عنوان
289,295,289,325,321,295,321,325,یکی
265,295,265,325,280,295,280,325,از
194,295,194,325,256,295,256,325,ابزارهای
152,295,152,325,185,295,185,325,قوی
109,295,109,325,143,295,143,325,شدن
71,295,71,325,100,295,100,325,باید
45,295,45,325,60,295,60,325,از
538,330,538,360,575,330,575,360,سوی
463,330,463,360,533,330,533,360,بخشدران،
385,330,385,360,458,330,458,360,شهرداران،
324,330,324,360,380,330,380,360,دهیاران
280,330,280,360,319,330,319,360,جدی
235,330,235,360,275,330,275,360,گرفته
194,330,194,360,230,330,230,360,شود.
548,365,548,395,574,365,574,395,وی
523,365,523,395,542,365,542,395,در
483,365,483,395,517,365,517,395,ادامه
466,365,466,395,477,365,477,395,با
431,365,431,395,460,365,460,395,بیان
381,365,381,395,425,365,425,395,این‌که
334,365,334,395,375,365,375,395,جهش
289,365,289,395,328,365,328,395,تولید
263,365,263,395,283,365,283,395,هم
238,365,238,395,257,365,257,395,در
193,365,193,395,232,365,232,395,عرصه
148,365,148,395,187,365,187,395,تولید
111,365,111,395,142,365,142,395,کالا
94,365,94,395,105,365,105,395,و
45,365,45,395,84,365,84,395,تولید
519,400,519,430,574,400,574,430,خدمات
478,400,478,430,513,400,513,430,کمی
420,400,420,430,472,400,472,430,پیگیری
376,400,376,430,414,400,414,430,شود،
336,400,336,430,370,400,370,430,ادامه
302,400,302,430,330,400,330,430,داد:
277,400,277,430,296,400,296,430,در
236,400,236,430,271,400,271,430,کنار
189,400,189,430,230,400,230,430,جهش
148,400,148,430,183,400,183,430,کمی
103,400,103,430,142,400,142,430,تولید
68,400,68,430,97,400,97,430,باید
45,400,45,430,58,400,58,430,به
530,435,530,465,571,435,571,465,جهش
484,435,484,465,521,435,521,465,کیفی
428,435,428,465,475,435,475,465,کالاها
408,435,408,465,419,435,419,465,و
344,435,344,465,399,435,399,465,خدمات
297,435,297,465,335,435,335,465,توجه
253,435,253,465,288,435,288,465,کنیم
233,435,233,465,244,435,244,465,و
143,435,143,465,224,435,224,465,شهرداری‌ها
123,435,123,465,134,435,134,465,و
45,435,45,465,115,435,115,465,دهیاری‌ها
560,470,560,500,573,470,573,500,به
510,470,510,500,553,470,553,500,عنوان
425,470,425,500,503,470,503,500,بزرگ‌ترین
381,470,381,500,418,470,418,500,شبکه
335,470,335,500,374,470,374,500,عرضه
273,470,273,500,328,470,328,500,خدمات
253,470,253,500,266,470,266,500,به
176,470,176,500,246,470,246,500,شهروندان
158,470,158,500,169,470,169,500,با
112,470,112,500,151,470,151,500,برنامه
65,470,65,500,105,470,105,500,ریزی
45,470,45,500,56,470,56,500,و
526,505,526,535,575,505,575,535,استفاده
469,505,469,535,521,505,521,535,فناوری
451,505,451,535,464,505,464,535,به
419,505,419,535,446,505,446,535,فکر
370,505,370,535,414,505,414,535,تسهیل
354,505,354,535,365,505,365,535,و
302,505,302,535,349,505,349,535,تسریع
265,505,265,535,297,505,297,535,ارائه
205,505,205,535,260,505,260,535,خدمات
157,505,157,535,200,505,200,535,باشند.
512,540,512,570,570,540,570,570,فرماندار
441,540,441,570,502,540,502,570,شهرستان
392,540,392,570,431,540,431,570,اسکو
353,540,353,570,382,540,382,570,بیان
308,540,308,570,343,540,343,570,کرد:
231,540,231,570,298,540,298,570,شهرداران
210,540,210,570,221,540,221,570,و
144,540,144,570,200,540,200,570,دهیاران
123,540,123,570,134,540,134,570,با
81,540,81,570,113,540,113,570,ارائه
45,540,45,570,60,540,60,570,از
503,575,503,605,568,575,568,605,طرح‌های
411,575,411,605,491,575,491,605,درآمدزایی
388,575,388,605,399,575,399,605,و
315,575,315,605,376,575,376,605,اقتصادی
267,575,267,605,303,575,303,605,حول
214,575,214,605,255,575,255,605,محور
160,575,160,605,202,575,202,605,توسعه
77,575,77,605,148,575,148,605,گردشگری
45,575,45,605,56,575,56,605,و
523,610,523,640,565,610,565,640,توسعه
436,610,436,640,508,610,508,640,کشاورزی
410,610,410,640,421,610,421,640,با
334,610,334,640,395,610,395,640,مشارکت
282,610,282,640,319,610,319,640,بخش
203,610,203,640,267,610,267,640,خصوصی
169,610,169,640,188,610,188,640,در
114,610,114,640,154,610,154,640,بارور
45,610,45,640,87,610,87,640,کردن
501,645,501,675,571,645,571,675,محورهای
431,645,431,675,492,645,492,675,اقتصادی
361,645,361,675,422,645,422,675,شهرستان
313,645,313,675,352,645,352,675,تلاش
268,645,268,675,304,645,304,675,کنند
248,645,248,675,259,645,259,675,و
174,645,174,675,239,645,239,675,طرح‌های
121,645,121,675,165,645,165,675,موفقی
97,645,97,675,112,645,112,675,از
45,645,45,675,79,645,79,675,جمله
539,680,539,710,571,680,571,710,خانه
490,680,490,710,530,680,530,710,مسافر
419,680,419,710,481,680,481,710,عنصرود،
376,680,376,710,410,680,410,710,سالن
337,680,337,710,367,680,367,710,چند
277,680,277,710,328,680,328,710,منظوره
228,680,228,710,268,680,268,710,دیزج
192,680,192,710,219,680,219,710,امیر
143,680,143,710,183,680,183,710,مدار،
74,680,74,710,134,680,134,710,کردآباد
45,680,45,710,64,680,64,710,در
531,715,531,745,572,715,572,745,حوزه
461,715,461,745,523,715,523,745,روستایی
442,715,442,745,453,715,453,745,و
378,715,378,745,434,715,434,745,همچنین
334,715,334,745,370,715,370,745,طرح
303,715,303,745,326,715,326,745,70
237,715,237,745,295,715,295,745,هکتاری
164,715,164,745,229,715,229,745,شهرداری
117,715,117,745,156,715,156,745,اسکو
90,715,90,745,109,715,109,745,در
45,715,45,745,76,715,76,745,حال
