561,17,561,34,585,17,585,34,88
542,85,542,115,575,85,575,115,44
503,85,503,115,537,85,537,115,تذکر
483,85,483,115,498,85,498,115,به
399,85,399,115,478,85,478,115,آزمایشگاه‌ها
383,85,383,115,394,85,394,115,و
342,85,342,115,378,85,378,115,مطب
288,85,288,115,339,85,339,115,پزشکان
532,120,532,150,570,120,570,150,امامی
486,120,486,150,522,120,522,150,یگانه
454,120,454,150,476,120,476,150,22
411,120,411,150,444,120,444,150,آبان
382,120,382,150,401,120,401,150,در
337,120,337,150,372,120,372,150,جلسه
295,120,295,150,327,120,327,150,ستاد
228,120,228,150,285,120,285,150,کرونای
157,120,157,150,218,120,218,150,شهرستان
100,120,100,150,147,120,147,150,اردبیل
45,120,45,150,85,120,85,150,اظهار
538,155,538,185,573,155,573,185,کرد:
500,155,500,185,531,155,531,185,بیش
478,155,478,185,493,155,493,185,از
438,155,438,185,471,155,471,185,250
394,155,394,185,431,155,431,185,مورد
340,155,340,185,387,155,387,185,بازدید
318,155,318,185,333,155,333,185,از
244,155,244,185,311,155,311,185,مکان‌های
189,155,189,185,237,155,237,185,مختلف
163,155,163,185,182,155,182,185,در
121,155,121,185,156,155,156,185,سطح
86,155,86,185,114,155,114,185,شهر
45,155,45,185,82,155,82,185,انجام
544,190,544,220,574,190,574,220,شده
517,190,517,220,538,190,538,220,که
492,190,492,220,511,190,511,220,در
463,190,463,220,486,190,486,220,44
420,190,420,220,457,190,457,220,مورد
403,190,403,220,414,190,414,220,با
359,190,359,220,397,190,397,220,توجه
340,190,340,220,353,190,353,220,به
287,190,287,220,334,190,334,220,ازدهام
230,190,230,220,281,190,281,220,جمعیت
205,190,205,220,224,190,224,220,در
112,190,112,220,199,190,199,220,آزمایشگاه‌ها
95,190,95,220,106,190,106,220,و
45,190,45,220,79,190,79,220,مطب
512,225,512,255,573,225,573,255,پزشکان،
467,225,467,255,505,225,505,255,تذکر
447,225,447,255,460,225,460,255,به
383,225,383,255,440,225,440,255,صاحبان
347,225,347,255,376,225,376,255,آنها
309,225,309,255,340,225,340,255,داده
272,225,272,255,302,225,302,255,شده
228,225,228,255,265,225,265,255,است.
195,225,195,255,221,225,221,255,وی
138,225,138,255,188,225,188,255,تصریح
96,225,96,255,131,225,131,255,کرد:
75,225,75,255,89,225,89,255,ما
45,225,45,255,60,225,60,255,از
541,260,541,290,569,260,569,290,اطبا
519,260,519,290,530,260,530,290,و
453,260,453,290,508,260,508,290,پزشکان
431,260,431,290,442,260,442,290,و
364,260,364,290,420,260,420,290,همچنین
266,260,266,290,353,260,353,290,آزمایشگاه‌ها
244,260,244,290,255,260,255,290,و
155,260,155,290,233,260,233,290,داروخانه‌ها
70,260,70,290,144,260,144,290,خواسته‌ایم
45,260,45,290,58,260,58,290,تا
534,295,534,325,572,295,572,325,نسبت
513,295,513,325,526,295,526,325,به
436,295,436,325,505,295,505,325,نوبت‌دهی
372,295,372,325,428,295,428,325,اینترنتی
345,295,345,325,364,295,364,325,در
305,295,305,325,337,295,337,325,ارائه
242,295,242,325,297,295,297,325,خدمات
197,295,197,325,234,295,234,325,اقدام
151,295,151,325,189,295,189,325,کرده
132,295,132,325,143,295,143,325,و
111,295,111,325,124,295,124,325,به
45,295,45,325,98,295,98,325,صورت
515,330,515,360,567,330,567,360,انفرادی
464,330,464,360,502,330,502,360,نسبت
438,330,438,360,451,330,451,360,به
379,330,379,360,425,330,425,360,طبابت
355,330,355,360,366,330,366,360,و
292,330,292,360,342,330,342,360,ویزیت
227,330,227,360,279,330,279,360,بیماران
177,330,177,360,214,330,214,360,اقدام
123,330,123,360,164,330,164,360,کنند.
45,330,45,360,103,330,103,360,فرماندار
516,365,516,395,563,365,563,395,اردبیل
461,365,461,395,499,365,499,395,گفت:
405,365,405,395,444,365,444,395,تلاش
334,365,334,395,388,365,388,395,می‌کنیم
304,365,304,395,317,365,317,395,تا
253,365,253,395,287,365,287,395,مطب
175,365,175,395,236,365,236,395,پزشکان،
80,365,80,395,158,365,158,395,داروخانه‌ها
45,365,45,395,56,365,56,395,و
486,400,486,430,573,400,573,430,آزمایشگاه‌ها
466,400,466,430,479,400,479,430,به
426,400,426,430,459,400,459,430,محل
377,400,377,430,419,400,419,430,انتشار
315,400,315,430,370,400,370,430,ویروس
266,400,266,430,308,400,308,430,کرونا
215,400,215,430,259,400,259,430,تبدیل
173,400,173,430,208,400,208,430,نشود
139,400,139,430,166,400,166,430,چرا
111,400,111,430,132,400,132,430,که
85,400,85,430,104,400,104,430,در
45,400,45,430,70,400,70,430,این
521,435,521,465,571,435,571,465,اوضاع
480,435,480,465,512,435,512,465,یکی
456,435,456,465,471,435,471,465,از
406,435,406,465,447,435,447,465,مراکز
335,435,335,465,397,435,397,465,پرازدهام
288,435,288,465,326,435,326,465,همین
193,435,193,465,279,435,279,465,مجموعه‌های
134,435,134,465,184,435,184,465,پزشکی
114,435,114,465,125,435,125,465,و
45,435,45,465,98,435,98,465,دارویی
538,470,538,500,570,470,570,500,است
507,470,507,500,528,470,528,500,که
469,470,469,500,497,470,497,500,قطعا
440,470,440,500,459,470,459,500,در
382,470,382,500,430,470,430,500,کاهش
306,470,306,500,372,470,372,500,زمینه‌های
266,470,266,500,296,470,296,500,ابتلا
213,470,213,500,256,470,256,500,تلاشی
164,470,164,500,203,470,203,500,جدی
117,470,117,500,154,470,154,500,انجام
45,470,45,500,101,470,101,500,می‌شود.
536,505,536,535,574,505,574,535,امامی
494,505,494,535,530,505,530,535,یگانه
469,505,469,535,488,505,488,535,در
429,505,429,535,463,505,463,535,ادامه
410,505,410,535,423,505,423,535,به
350,505,350,535,404,505,404,535,وضعیت
307,505,307,535,344,505,344,535,بسیار
253,505,253,535,301,505,301,535,بحرانی
219,505,219,535,247,505,247,535,شهر
166,505,166,535,213,505,213,535,اردبیل
145,505,145,535,160,505,160,535,از
102,505,102,535,139,505,139,535,لحاظ
45,505,45,535,88,505,88,535,شیوع
519,540,519,570,569,540,569,570,بیماری
466,540,466,570,508,540,508,570,کرونا
417,540,417,570,455,540,455,570,اشاره
376,540,376,570,406,540,406,570,کرد
354,540,354,570,365,540,365,570,و
299,540,299,570,343,540,343,570,افزود:
274,540,274,570,288,540,288,570,ما
208,540,208,570,263,540,263,570,همچنان
182,540,182,570,197,540,197,570,از
101,540,101,570,171,540,171,570,همشهریان
45,540,45,570,86,540,86,570,انتظار
525,575,525,605,565,575,565,605,داریم
495,575,495,605,510,575,510,605,از
433,575,433,605,480,575,480,605,حضور
399,575,399,605,418,575,418,605,در
314,575,314,605,384,575,384,605,میهمانی‌ها
288,575,288,605,299,575,299,605,و
199,575,199,605,273,575,273,605,دورهمی‌ها
152,575,152,605,184,575,184,605,حتی
124,575,124,605,137,575,137,605,به
45,575,45,605,98,575,98,605,صورت
496,610,496,640,568,610,568,640,خانوادگی
445,610,445,640,484,610,484,640,پرهیز
395,610,395,640,433,610,433,640,کرده
372,610,372,640,383,610,383,640,و
345,610,345,640,360,610,360,640,از
286,610,286,640,333,610,333,640,حضور
255,610,255,640,274,610,274,640,در
193,610,193,640,243,610,243,640,مجالس
138,610,138,640,181,610,181,640,ترحیم
115,610,115,640,126,610,126,640,و
45,610,45,640,95,610,95,640,عروسی
499,645,499,675,570,645,570,675,خودداری
448,645,448,675,489,645,489,675,کنند.
412,645,412,675,438,645,438,675,وی
363,645,363,675,402,645,402,675,خاطر
320,645,320,675,353,645,353,675,نشان
275,645,275,675,310,645,310,675,کرد:
252,645,252,675,265,645,265,675,به
211,645,211,675,242,645,242,675,هیچ
170,645,170,675,201,645,201,675,وجه
100,645,100,675,160,645,160,675,برگزاری
45,645,45,675,86,645,86,675,مراسم
517,680,517,710,567,680,567,710,عروسی
485,680,485,710,504,680,504,710,در
422,680,422,710,472,680,472,710,تالارها
398,680,398,710,409,680,409,710,و
353,680,353,710,385,680,385,710,حتی
299,680,299,710,340,680,340,710,منازل
240,680,240,710,286,680,286,710,توصیه
170,680,170,710,227,680,227,710,نمی‌شود
146,680,146,710,157,680,157,710,و
118,680,118,710,133,680,133,710,از
45,680,45,710,101,680,101,710,دهیاران
496,715,496,745,570,715,570,745,خواسته‌ایم
471,715,471,745,486,715,486,745,از
401,715,401,745,461,715,461,745,برگزاری
350,715,350,745,391,715,391,745,مراسم
280,715,280,745,340,715,340,745,عزاداری
259,715,259,745,270,715,270,745,با
202,715,202,745,249,715,249,745,حضور
154,715,154,745,192,715,192,745,اقشار
96,715,96,745,144,715,144,745,مختلف
45,715,45,745,79,715,79,745,مردم
