561,17,561,34,585,17,585,34,66
531,65,531,95,571,65,571,95,بدری
509,65,509,95,522,65,522,95,به
449,65,449,95,500,65,500,95,احداث
403,65,403,95,440,65,440,95,چهار
350,65,350,95,394,65,394,95,تقاطع
266,65,266,95,341,65,341,95,غیرهمسطح
244,65,244,95,257,65,257,95,به
199,65,199,95,235,65,235,95,همت
137,65,137,95,190,65,190,95,قرارگاه
45,65,45,95,121,65,121,95,خاتم‌الانبیا
553,100,553,130,572,100,572,130,در
517,100,517,130,545,100,545,130,شهر
462,100,462,130,509,100,509,130,اردبیل
416,100,416,130,454,100,454,130,اشاره
378,100,378,130,408,100,408,130,کرد
359,100,359,130,370,100,370,130,و
307,100,307,130,351,100,351,130,افزود:
267,100,267,130,299,100,299,130,یکی
244,100,244,130,259,100,259,130,از
211,100,211,130,236,100,236,130,این
130,100,130,130,203,100,203,130,تقاطع‌های
45,100,45,130,120,100,120,130,غیرهمسطح
555,135,555,165,574,135,574,165,در
530,135,530,165,549,135,549,165,سه
501,135,501,165,524,135,524,165,راه
445,135,445,165,495,135,495,165,آقاباقر
388,135,388,165,439,135,439,165,احداث
333,135,333,165,382,135,382,165,خواهد
305,135,305,165,327,135,327,165,شد
286,135,286,165,299,135,299,165,تا
265,135,265,165,280,135,280,165,از
238,135,238,165,259,135,259,165,بار
174,135,174,165,232,135,232,165,ترافیکی
143,135,143,165,168,135,168,165,این
101,135,101,165,137,135,137,165,منطقه
45,135,45,165,88,135,88,165,کاسته
545,170,545,200,575,170,575,200,شده
529,170,529,200,540,170,540,200,و
483,170,483,200,524,170,524,200,امنیت
445,170,445,200,478,170,478,200,تردد
370,170,370,200,440,170,440,200,شهروندان
322,170,322,200,365,170,365,200,برقرار
281,170,281,200,317,170,317,200,شود.
548,205,548,235,574,205,574,235,وی
523,205,523,235,542,205,542,235,در
480,205,480,235,517,205,517,235,بخش
425,205,425,235,474,205,474,235,دیگری
404,205,404,235,419,205,419,235,از
351,205,351,235,398,205,398,235,سخنان
312,205,312,235,345,205,345,235,خود
267,205,267,235,306,205,306,235,خاطر
228,205,228,235,261,205,261,235,نشان
187,205,187,235,222,205,222,235,کرد:
170,205,170,235,181,205,181,235,با
126,205,126,235,164,205,164,235,توجه
107,205,107,235,120,205,120,235,به
45,205,45,235,96,205,96,235,احداث
521,240,521,270,573,240,573,270,ایستگاه
491,240,491,270,514,240,514,270,راه
452,240,452,270,484,240,484,270,آهن
426,240,426,270,445,240,445,270,در
394,240,394,270,419,240,419,270,این
351,240,351,270,387,240,387,270,منطقه
333,240,333,270,344,240,344,270,و
274,240,274,270,326,240,326,270,افزایش
219,240,219,270,267,240,267,270,ترددها
193,240,193,270,212,240,212,270,در
138,240,138,270,186,240,186,270,آینده،
101,240,101,270,131,240,131,270,سعی
80,240,80,270,94,240,94,270,بر
45,240,45,270,70,240,70,270,این
541,275,541,305,573,275,573,305,است
521,275,521,305,534,275,534,305,تا
503,275,503,305,514,275,514,305,با
445,275,445,305,496,275,496,305,احداث
413,275,413,305,438,275,438,305,این
362,275,362,305,406,275,406,305,تقاطع
280,275,280,305,355,275,355,305,غیرهمسطح
233,275,233,305,273,275,273,305,ایمنی
193,275,193,305,226,275,226,305,تردد
170,275,170,305,186,275,186,305,را
144,275,144,305,163,275,163,305,در
109,275,109,305,137,275,137,305,شهر
45,275,45,305,92,275,92,305,اردبیل
538,310,538,340,575,310,575,340,شاهد
492,310,492,340,533,310,533,340,باشیم.
529,345,529,375,569,345,569,375,بدری
478,345,478,375,518,345,518,375,اضافه
432,345,432,375,467,345,467,375,کرد:
368,345,368,375,421,345,421,375,قرارگاه
281,345,281,375,357,345,357,375,خاتم‌الانبیا
239,345,239,375,270,345,270,375,بیش
213,345,213,375,228,345,228,375,از
168,345,168,375,202,345,202,375,500
109,345,109,375,157,345,157,375,میلیارد
45,345,45,375,88,345,88,375,تومان
539,380,539,410,572,380,572,410,برای
480,380,480,410,531,380,531,410,احداث
447,380,447,410,472,380,472,410,این
402,380,402,410,439,380,439,410,چهار
350,380,350,410,394,380,394,410,تقاطع
323,380,323,410,342,380,342,410,در
268,380,268,410,315,380,315,410,اردبیل
164,380,164,410,260,380,260,410,سرمایه‌گذاری
107,380,107,410,156,380,156,410,می‌کند
78,380,78,410,99,380,99,410,که
45,380,45,410,64,380,64,410,در
537,415,537,445,566,415,566,445,سال
481,415,481,445,523,415,523,445,آینده
415,415,415,445,467,415,467,445,عملیات
350,415,350,445,401,415,401,445,احداث
311,415,311,445,336,415,336,445,این
241,415,241,445,297,415,297,445,پروژه‌ها
182,415,182,445,227,415,227,445,سرعت
118,415,118,445,168,415,168,445,بیشتری
45,415,45,445,94,415,94,445,خواهد
527,450,527,480,575,450,575,480,گرفت.
560,485,560,515,573,485,573,515,به
501,485,501,515,553,485,553,515,گزارش
453,485,453,515,494,485,494,515,ایسنا،
427,485,427,515,446,485,446,515,در
395,485,395,515,420,485,420,515,این
353,485,353,515,388,485,388,515,جلسه
295,485,295,515,346,485,346,515,شهردار
241,485,241,515,288,485,288,515,اردبیل
214,485,214,515,234,485,234,515,نیز
167,485,167,515,207,485,207,515,اظهار
125,485,125,515,160,485,160,515,کرد:
105,485,105,515,118,485,118,515,به
45,485,45,515,88,485,88,515,محض
525,520,525,550,569,520,569,550,مساعد
480,520,480,550,514,520,514,550,شدن
424,520,424,550,469,520,469,550,شرایط
374,520,374,550,413,520,413,550,جوی
311,520,311,550,363,520,363,550,عملیات
249,520,249,550,300,520,300,550,احداث
194,520,194,550,238,520,238,550,تقاطع
108,520,108,550,183,520,183,550,غیرهمسطح
45,520,45,550,95,520,95,550,آقاباقر
555,555,555,585,574,555,574,585,در
521,555,521,585,549,555,549,585,شهر
468,555,468,585,515,555,515,585,اردبیل
418,555,418,585,462,555,462,585,شروع
363,555,363,585,412,555,412,585,خواهد
335,555,335,585,357,555,357,585,شد
316,555,316,585,329,555,329,585,تا
265,555,265,585,310,555,310,585,اجرای
234,555,234,585,259,555,259,585,این
186,555,186,585,228,555,228,585,پروژه
164,555,164,585,180,555,180,585,را
139,555,139,585,158,555,158,585,در
100,555,100,585,133,555,133,585,مسیر
45,555,45,585,93,555,93,585,پرتردد
538,590,538,620,575,590,575,620,شاهد
492,590,492,620,533,590,533,620,باشیم.
527,625,527,655,566,625,566,655,حمید
436,625,436,655,513,625,513,655,لطف‌اللهیان
372,625,372,655,422,625,422,655,تصریح
323,625,323,655,358,625,358,655,کرد:
290,625,290,655,309,625,309,655,در
231,625,231,655,276,625,276,655,بودجه
188,625,188,655,217,625,217,655,سال
132,625,132,655,174,625,174,655,آینده
81,625,81,655,118,625,118,655,شورا
45,625,45,655,56,625,56,655,و
506,660,506,690,571,660,571,690,شهرداری
446,660,446,690,497,660,497,690,توجهی
398,660,398,690,437,660,437,690,جدی
376,660,376,690,389,660,389,690,به
324,660,324,690,367,660,367,690,عمران
304,660,304,690,315,660,315,690,و
242,660,242,690,295,660,295,690,آبادانی
208,660,208,690,233,660,233,690,این
163,660,163,690,199,660,199,690,منطقه
112,660,112,690,154,660,154,690,شهری
45,660,45,690,94,660,94,690,خواهد
531,695,531,725,572,695,572,725,داشت
510,695,510,725,523,695,523,725,تا
456,695,456,725,502,695,502,725,دغدغه
411,695,411,725,448,695,448,725,اهالی
384,695,384,725,403,695,403,725,در
328,695,328,725,376,695,376,725,کاهش
299,695,299,725,320,695,320,725,بار
233,695,233,725,291,695,291,725,ترافیکی
214,695,214,725,225,695,225,725,و
150,695,150,725,206,695,206,725,همچنین
102,695,102,725,142,695,142,725,ایمنی
45,695,45,725,93,695,93,725,ترددها
