562,17,562,34,585,17,585,34,74
533,85,533,115,575,85,575,115,340
490,85,490,115,528,85,528,115,هکتار
470,85,470,115,485,85,485,115,به
437,85,437,115,465,85,465,115,شهر
373,85,373,115,432,85,432,115,کرمانشاه
330,85,330,115,368,85,368,115,اضافه
305,85,305,115,327,85,327,115,شد
526,120,526,150,570,120,570,150,مسعود
472,120,472,150,516,120,516,150,شریفی
443,120,443,150,462,120,462,150,در
398,120,398,150,433,120,433,150,جلسه
348,120,348,150,388,120,388,150,امروز
308,120,308,150,338,120,338,150,(23
219,120,219,150,298,120,298,150,اردیبهشت)
158,120,158,150,209,120,209,150,شورای
115,120,115,150,148,120,148,150,گفت
94,120,94,150,105,120,105,150,و
45,120,45,150,82,120,82,150,گوی
532,155,532,185,572,155,572,185,دولت
513,155,513,185,524,155,524,185,و
468,155,468,185,505,155,505,185,بخش
396,155,396,185,460,155,460,185,خصوصی
373,155,373,185,388,155,388,185,از
325,155,325,185,365,155,365,185,اضافه
282,155,282,185,317,155,317,185,340
230,155,230,185,274,155,274,185,هکتار
209,155,209,185,222,155,222,185,به
157,155,157,185,201,155,201,185,وسعت
121,155,121,185,149,155,149,185,شهر
45,155,45,185,108,155,108,185,کرمانشاه
544,190,544,220,572,190,572,220,خبر
513,190,513,220,536,190,536,220,داد
484,190,484,220,505,190,505,220,که
446,190,446,220,476,190,476,220,روز
392,190,392,220,438,190,438,220,گذشته
365,190,365,220,384,190,384,220,در
306,190,306,220,357,190,357,220,شورای
266,190,266,220,298,190,298,220,عالی
191,190,191,220,258,190,258,220,شهرسازی
170,190,170,220,183,190,183,220,به
107,190,107,220,162,190,162,220,تصویب
62,190,62,220,99,190,99,220,رسید
45,190,45,220,56,190,56,220,و
539,225,539,255,573,225,573,255,ادامه
504,225,504,255,532,225,532,255,داد:
464,225,464,255,497,225,497,255,پیش
442,225,442,255,457,225,457,255,از
410,225,410,255,435,225,435,255,این
392,225,392,255,403,225,403,255,و
366,225,366,255,385,225,385,255,در
301,225,301,255,359,225,359,255,سال‌های
248,225,248,255,294,225,294,255,گذشته
216,225,216,255,241,225,241,255,فقط
188,225,188,255,209,225,209,255,14
137,225,137,255,181,225,181,255,هکتار
119,225,119,255,130,225,130,255,و
93,225,93,255,112,225,112,255,در
45,225,45,255,79,225,79,255,قالب
504,260,504,290,575,260,575,290,پروژه‌های
456,260,456,290,499,260,499,290,مسکن
426,260,426,290,451,260,451,290,مهر
408,260,408,290,421,260,421,290,به
340,260,340,290,403,260,403,290,کرمانشاه
295,260,295,290,335,260,335,290,اضافه
260,260,260,290,290,260,290,290,شده
225,260,225,290,255,260,255,290,بود.
543,295,543,325,569,295,569,325,وی
461,295,461,325,532,295,532,325,خاطرنشان
415,295,415,325,450,295,450,325,کرد:
374,295,374,325,404,295,404,325,قرار
331,295,331,325,363,295,363,325,است
301,295,301,325,320,295,320,325,در
265,295,265,325,290,295,290,325,این
219,295,219,325,254,295,254,325,340
164,295,164,325,208,295,208,325,هکتار
134,295,134,325,153,295,153,325,در
45,295,45,325,115,295,115,325,حوزه‌های
527,330,527,360,575,330,575,360,مختلفی
507,330,507,360,522,330,522,360,از
468,330,468,360,502,330,502,360,جمله
413,330,413,360,463,330,463,360,مسکن،
366,330,366,360,408,330,408,360,اماکن
312,330,312,360,361,330,361,360,عمومی
296,330,296,360,307,330,307,360,و
275,330,275,360,291,330,291,360,...
224,330,224,360,270,330,270,360,ساخت
208,330,208,360,219,330,219,360,و
176,330,176,360,203,330,203,360,ساز
118,330,118,360,171,330,171,360,صورت
70,330,70,360,113,330,113,360,بگیرد.
512,365,512,395,570,365,570,395,مدیرکل
479,365,479,395,502,365,502,395,راه
458,365,458,395,469,365,469,395,و
381,365,381,395,448,365,448,395,شهرسازی
332,365,332,395,371,365,371,395,استان
259,365,259,395,322,365,322,395,کرمانشاه
213,365,213,395,249,365,249,395,معتقد
164,365,164,395,203,365,203,395,است،
109,365,109,395,154,365,154,395,قابلیت
45,365,45,395,96,365,96,395,احداث
530,400,530,430,573,400,573,430,حدود
502,400,502,430,523,400,523,430,10
462,400,462,430,495,400,495,430,هزار
416,400,416,430,455,400,455,430,واحد
350,400,350,430,409,400,409,430,مسکونی
324,400,324,430,343,400,343,430,در
292,400,292,430,317,400,317,430,این
245,400,245,430,285,400,285,430,فضای
203,400,203,430,238,400,238,430,340
138,400,138,430,196,400,196,430,هکتاری
88,400,88,430,131,400,131,430,وجود
45,400,45,430,77,400,77,430,دارد
564,435,564,465,575,435,575,465,و
497,435,497,465,559,435,559,465,پیش‌بینی
462,435,462,465,492,435,492,465,شده
406,435,406,465,457,435,457,465,جمعیت
378,435,378,465,401,435,401,465,40
340,435,340,465,373,435,373,465,هزار
302,435,302,465,335,435,335,465,نفری
277,435,277,465,297,435,297,465,هم
223,435,223,465,272,435,272,465,بتوانند
199,435,199,465,218,435,218,465,در
172,435,172,465,194,435,194,465,آن
118,435,118,465,167,435,167,465,زندگی
72,435,72,465,113,435,113,465,کنند.
528,470,528,500,572,470,572,500,شریفی
464,470,464,500,520,470,520,500,همچنین
441,470,441,500,456,470,456,500,از
378,470,378,500,433,470,433,500,تصویب
312,470,312,500,370,470,370,500,بازنگری
268,470,268,500,304,470,304,500,طرح
219,470,219,500,260,470,260,500,جامع
148,470,148,500,211,470,211,500,کرمانشاه
112,470,112,500,140,470,140,500,خبر
81,470,81,500,104,470,104,500,داد
45,470,45,500,66,470,66,500,که
559,505,559,535,570,505,570,535,با
495,505,495,535,549,505,549,535,عملیاتی
451,505,451,535,485,505,485,535,شدن
419,505,419,535,441,505,441,535,آن
358,505,358,535,409,505,409,535,بسیاری
333,505,333,535,348,505,348,535,از
262,505,262,535,323,505,323,535,مشکلات
185,505,185,535,252,505,252,535,شهرسازی
156,505,156,535,175,505,175,535,در
83,505,83,535,146,505,146,535,کرمانشاه
45,505,45,535,71,505,71,535,حل
526,540,526,570,575,540,575,570,خواهد
494,540,494,570,521,540,521,570,شد.
553,575,553,605,572,575,572,605,در
511,575,511,605,545,575,545,605,ادامه
456,575,456,605,503,575,503,605,مهرداد
394,575,394,605,448,575,448,605,سالاری
344,575,344,605,386,575,386,605,معاون
287,575,287,605,336,575,336,605,عمرانی
207,575,207,605,279,575,279,605,استانداری
136,575,136,605,199,575,199,605,کرمانشاه
108,575,108,605,128,575,128,605,نیز
85,575,85,605,100,575,100,605,از
45,575,45,605,73,575,73,605,شهر
561,610,561,640,574,610,574,640,به
512,610,512,640,555,610,555,640,عنوان
483,610,483,640,506,610,506,640,یک
426,610,426,640,477,610,477,640,موجود
386,610,386,640,420,610,420,640,زنده
358,610,358,640,380,610,380,640,یاد
322,610,322,640,352,610,352,640,کرد
305,610,305,640,316,610,316,640,و
265,610,265,640,299,610,299,640,ادامه
231,610,231,640,259,610,259,640,داد:
179,610,179,640,225,610,225,640,ساخت
162,610,162,640,173,610,173,640,و
95,610,95,640,156,610,156,640,سازهایی
68,610,68,640,89,610,89,640,که
45,610,45,640,64,610,64,640,در
547,645,547,675,575,645,575,675,شهر
489,645,489,675,542,645,542,675,صورت
430,645,430,675,484,645,484,675,می‌گیرد
396,645,396,675,425,645,425,675,باید
377,645,377,675,391,645,391,675,بر
332,645,332,675,372,645,372,675,اساس
286,645,286,675,327,645,327,675,قانون
270,645,270,675,281,645,281,675,و
223,645,223,675,265,645,265,675,اصول
193,645,193,675,218,645,218,675,فنی
151,645,151,675,188,645,188,675,باشد.
545,680,545,710,571,680,571,710,وی
525,680,525,710,536,680,536,710,با
487,680,487,710,516,680,516,710,بیان
440,680,440,710,478,680,478,710,اینکه
401,680,401,710,431,680,431,710,قرار
354,680,354,710,392,680,392,710,نیست
330,680,330,710,345,680,345,710,از
302,680,302,710,321,680,321,710,هر
248,680,248,710,293,680,293,710,طریقی
192,680,192,710,239,680,239,710,ازجمله
137,680,137,710,183,680,183,710,ساخت
117,680,117,710,128,680,128,710,و
45,680,45,710,101,680,101,710,سازهای
509,715,509,745,567,715,567,745,غیرمجاز
456,715,456,745,496,715,496,745,کسب
397,715,397,745,443,715,443,745,درآمد
343,715,343,745,384,715,384,745,کنیم،
278,715,278,745,330,715,330,745,یادآور
238,715,238,745,265,715,265,745,شد:
187,715,187,745,225,715,225,745,چنین
113,715,113,745,174,715,174,745,درآمدی
45,715,45,745,91,715,91,745,حاصل
