561,17,561,34,585,17,585,34,46
561,65,561,95,574,65,574,95,به
525,65,525,95,555,65,555,95,گفته
494,65,494,95,519,65,519,95,این
441,65,441,95,488,65,488,95,مسئول
405,65,405,95,435,65,435,95,طبق
360,65,360,95,399,65,399,95,برنامه
341,65,341,95,354,65,354,95,تا
297,65,297,95,335,65,335,95,پایان
251,65,251,95,291,65,291,95,امسال
225,65,225,95,245,65,245,95,هم
187,65,187,95,219,65,219,95,100
129,65,129,95,181,65,181,95,رویداد
82,65,82,95,123,65,123,95,شتاب
45,65,45,95,80,65,80,95,دیگر
548,100,548,130,567,100,567,130,در
481,100,481,130,535,100,535,130,سراهای
408,100,408,130,468,100,468,130,نوآوری
354,100,354,130,395,100,395,130,مراکز
306,100,306,130,341,100,341,130,علمی
228,100,228,130,293,100,293,130,کاربردی
171,100,171,130,215,100,215,130,کشور
112,100,112,130,158,100,158,130,برگزار
45,100,45,130,94,100,94,130,خواهد
548,135,548,165,575,135,575,165,شد.
540,170,540,200,566,170,566,200,وی
507,170,507,200,526,170,526,200,در
459,170,459,200,493,170,493,200,ادامه
434,170,434,200,445,170,445,200,با
379,170,379,200,420,170,420,200,تاکید
314,170,314,200,365,170,365,200,براینکه
246,170,246,200,300,170,300,200,سراهای
172,170,172,200,232,170,232,200,نوآوری
111,170,111,200,158,170,158,200,بهترین
45,170,45,200,90,170,90,200,فرصت
499,205,499,235,572,205,572,235,کارآفرین
457,205,457,235,491,205,491,235,شدن
438,205,438,235,449,205,449,235,و
407,205,407,235,430,205,430,235,راه
349,205,349,235,399,205,399,235,انداری
301,205,301,235,341,205,341,235,کسب
282,205,282,235,293,205,293,235,و
245,205,245,235,274,205,274,235,کار
204,205,204,235,237,205,237,235,برای
119,205,119,235,196,205,196,235,دانشجویان
79,205,79,235,111,205,111,235,است
45,205,45,235,66,205,66,235,که
542,240,542,270,571,240,571,270,باید
518,240,518,270,533,240,533,270,از
484,240,484,270,509,240,509,270,این
430,240,430,270,475,240,475,270,فرصت
372,240,372,270,421,240,421,270,استفاده
320,240,320,270,363,240,363,270,کنند،
268,240,268,270,311,240,311,270,عنوان
224,240,224,270,259,240,259,270,کرد:
175,240,175,270,215,240,215,270,دولت
147,240,147,270,166,240,166,270,در
107,240,107,270,138,240,138,270,حال
45,240,45,270,87,240,87,270,حاضر
529,275,529,305,572,275,572,305,حدود
497,275,497,305,521,275,521,305,30
446,275,446,305,489,275,489,305,درصد
394,275,394,305,438,275,438,305,نیروی
349,275,349,305,386,275,386,305,مازاد
309,275,309,305,341,275,341,305,دارد
290,275,290,305,301,275,301,305,و
257,275,257,305,282,275,282,305,طی
199,275,199,305,249,275,249,305,سالهای
159,275,159,305,191,275,191,305,اخیر
109,275,109,305,151,275,151,305,جذب
45,275,45,305,92,275,92,305,زیادی
521,310,521,340,572,310,572,340,نداشته،
458,310,458,340,513,310,513,340,بنابراین
373,310,373,340,450,310,450,340,دانشجویان
330,310,330,340,365,310,365,340,نباید
297,310,297,340,322,310,322,340,این
248,310,248,340,289,310,289,340,انتظار
224,310,224,340,240,310,240,340,را
178,310,178,340,216,310,216,340,داشته
132,310,132,340,170,310,170,340,باشند
103,310,103,340,124,310,124,340,که
68,310,68,340,95,310,95,340,پس
45,310,45,340,60,310,60,340,از
539,345,539,375,575,345,575,375,فارغ
471,345,471,375,534,345,534,375,التحصیلی
424,345,424,375,466,345,466,375,جذب
377,345,377,375,419,345,419,375,ارگان
341,345,341,375,372,345,372,375,های
294,345,294,375,336,345,336,375,دولتی
246,345,246,375,289,345,289,375,شوند.
529,380,529,410,570,380,570,410,رئیس
466,380,466,410,519,380,519,410,دانشگاه
415,380,415,410,456,380,456,410,جامع
370,380,370,410,405,380,405,410,علمی
295,380,295,410,360,380,360,410,کاربردی
208,380,208,410,285,380,285,410,یادآورشد:
159,380,159,410,198,380,198,410,ایجاد
130,380,130,410,149,380,149,410,هر
90,380,90,410,120,380,120,410,شغل
45,380,45,410,78,380,78,410,برای
529,415,529,445,572,415,572,445,سیستم
479,415,479,445,521,415,521,445,دولتی
428,415,428,445,471,415,471,445,حدود
386,415,386,445,420,415,420,445,500
331,415,331,445,378,415,378,445,میلیون
280,415,280,445,323,415,323,445,تومان
233,415,233,445,272,415,272,445,هزینه
206,415,206,445,225,415,225,445,در
153,415,153,445,198,415,198,445,بردارد
124,415,124,445,145,415,145,445,که
105,415,105,445,116,415,116,445,با
78,415,78,445,97,415,97,445,در
45,415,45,445,68,415,68,445,نظر
527,450,527,480,572,450,572,480,گرفتن
445,450,445,480,519,450,519,480,محدودیت
406,450,406,480,437,450,437,480,های
367,450,367,480,398,450,398,480,مالی
348,450,348,480,359,450,359,480,و
295,450,295,480,340,450,340,480,شرایط
243,450,243,480,287,450,287,480,تحریم
209,450,209,480,235,450,235,480,و...
176,450,176,480,201,450,201,480,این
147,450,147,480,168,450,168,480,امر
104,450,104,480,139,450,139,480,دیگر
45,450,45,480,92,450,92,480,چندان
499,485,499,515,567,485,567,515,امکانپذیر
441,485,441,515,486,485,486,515,نیست،
395,485,395,515,428,485,428,515,برای
344,485,344,515,382,485,382,515,همین
254,485,254,515,331,485,331,515,دانشجویان
212,485,212,515,241,485,241,515,باید
186,485,186,515,199,485,199,515,به
136,485,136,515,173,485,173,515,سمت
45,485,45,515,118,485,118,515,کارآفرین
540,520,540,550,574,520,574,550,شدن
499,520,499,550,534,520,534,550,سوق
463,520,463,550,493,520,493,550,پیدا
421,520,421,550,457,520,457,550,کنند
404,520,404,550,415,520,415,550,و
384,520,384,550,398,520,398,550,ما
358,520,358,550,378,520,378,550,نیز
333,520,333,550,352,520,352,550,در
274,520,274,550,327,520,327,550,دانشگاه
233,520,233,550,268,520,268,550,علمی
162,520,162,550,227,520,227,550,کاربردی
97,520,97,550,156,520,156,550,امکانات
80,520,80,550,91,520,91,550,و
45,520,45,550,70,520,70,550,این
545,555,545,585,575,555,575,585,بستر
524,555,524,585,540,555,540,585,را
486,555,486,585,519,555,519,585,برای
452,555,452,585,481,555,481,585,آنها
409,555,409,585,447,555,447,585,فراهم
350,555,350,585,404,555,404,585,خواهیم
310,555,310,585,345,555,345,585,کرد.
546,590,546,620,572,590,572,620,وی
519,590,519,620,538,590,538,620,در
474,590,474,620,511,590,511,620,بخش
417,590,417,620,466,590,466,620,دیگری
394,590,394,620,409,590,409,620,از
326,590,326,620,386,590,386,620,سخنانش
278,590,278,620,318,590,318,620,بابیان
232,590,232,620,270,590,270,620,اینکه
181,590,181,620,224,590,224,620,حدود
150,590,150,620,173,590,173,620,60
99,590,99,620,142,590,142,620,درصد
45,590,45,620,92,590,92,620,دروس
546,625,546,655,571,625,571,655,این
484,625,484,655,537,625,537,655,دانشگاه
440,625,440,655,475,625,475,655,عملی
420,625,420,655,431,625,431,655,و
384,625,384,655,411,625,411,655,تنها
352,625,352,655,375,625,375,655,40
300,625,300,655,343,625,343,655,درصد
254,625,254,655,291,625,291,655,نظری
206,625,206,655,245,625,245,655,است،
161,625,161,655,197,625,197,655,اعلام
117,625,117,655,152,625,152,655,کرد:
45,625,45,655,99,625,99,655,متاسفانه
528,660,528,690,571,660,571,690,شیوع
469,660,469,690,519,660,519,690,بیماری
418,660,418,690,460,660,460,690,کرونا
346,660,346,690,409,660,409,690,مشکلاتی
321,660,321,690,337,660,337,690,را
293,660,293,690,312,660,312,690,در
252,660,252,690,284,660,284,690,ارائه
196,660,196,690,243,660,243,690,دروس
152,660,152,690,187,660,187,690,عملی
124,660,124,690,143,660,143,690,در
74,660,74,690,115,660,115,690,مراکز
45,660,45,690,59,660,59,690,ما
526,695,526,725,574,695,574,725,بوجود
475,695,475,725,520,695,520,725,آورد،
458,695,458,725,469,695,469,725,با
427,695,427,725,452,695,452,725,این
378,695,378,725,421,695,421,725,وجود
361,695,361,725,372,695,372,725,با
317,695,317,725,355,695,355,725,توجه
298,695,298,725,311,695,311,725,به
246,695,246,725,292,695,292,725,اهمیت
215,695,215,725,240,695,240,725,این
155,695,155,725,209,695,209,725,واحدها
134,695,134,725,149,695,149,725,از
101,695,101,725,128,695,128,725,همه
45,695,45,725,86,695,86,725,مراکز
