564,17,564,34,585,17,585,34,71
469,65,469,95,575,65,575,95,استانداردسازی
402,65,402,95,464,65,464,95,لیگ‌های
349,65,349,95,397,65,397,95,فوتبال
325,65,325,95,344,65,344,95,در
266,65,266,95,320,65,320,95,اولویت
530,100,530,130,571,100,571,130,رئیس
482,100,482,130,521,100,521,130,هیئت
425,100,425,130,473,100,473,130,فوتبال
377,100,377,130,416,100,416,130,استان
321,100,321,130,368,100,368,130,اردبیل
272,100,272,130,312,100,312,130,اظهار
228,100,228,130,263,100,263,130,کرد:
190,100,190,130,219,100,219,130,باید
168,100,168,130,181,100,181,130,به
112,100,112,130,159,100,159,130,تقویت
45,100,45,130,96,100,96,130,ساختار
514,135,514,165,573,135,573,165,باشگاه‌ها
496,135,496,165,507,135,507,165,و
447,135,447,165,489,135,489,165,توسعه
429,135,429,165,440,135,440,165,و
369,135,369,165,422,135,422,165,بهسازی
301,135,301,165,362,135,362,165,سرمایه‌ها
283,135,283,165,294,135,294,165,و
236,135,236,165,276,135,276,165,منابع
185,135,185,165,229,135,229,165,انسانی
147,135,147,165,178,135,178,165,کمر
104,135,104,165,140,135,140,165,همت
65,135,65,165,97,135,97,165,بست
45,135,45,165,56,135,56,165,و
554,170,554,200,573,170,573,200,در
512,170,512,200,547,170,547,200,کنار
483,170,483,200,505,170,505,200,آن
436,170,436,200,476,170,476,200,اعتقاد
389,170,389,200,429,170,429,200,راسخ
369,170,369,200,382,170,382,200,به
300,170,300,200,362,170,362,200,حاکمیت
243,170,243,200,293,170,293,200,فرهنگ
225,170,225,200,236,170,236,200,و
175,170,175,200,218,170,218,200,اخلاق
149,170,149,200,168,170,168,200,در
108,170,108,200,142,170,142,200,رشته
45,170,45,200,93,170,93,200,فوتبال
519,205,519,235,563,205,563,235,داریم.
454,205,454,235,502,205,502,235,نوتاش
366,205,366,235,437,205,437,235,خاطرنشان
314,205,314,235,349,205,349,235,کرد:
243,205,243,235,297,205,297,235,گسترش
215,205,215,235,226,205,226,235,و
161,205,161,235,198,205,198,235,رونق
92,205,92,235,144,205,144,235,فوتسال
45,205,45,235,64,205,64,235,در
498,240,498,270,573,240,573,270,شهرستان‌ها
480,240,480,270,491,240,491,270,و
435,240,435,270,473,240,473,270,توجه
389,240,389,270,428,240,428,270,جدی
369,240,369,270,382,240,382,270,به
310,240,310,270,362,240,362,270,تیم‌های
255,240,255,270,303,240,303,270,داوری
237,240,237,270,248,240,248,270,و
170,240,170,270,230,240,230,270,مربیگری
147,240,147,270,163,240,163,270,را
121,240,121,270,140,240,140,270,در
79,240,79,270,114,240,114,270,کنار
45,240,45,270,75,240,75,270,فعال
530,275,530,305,572,275,572,305,کردن
495,275,495,305,522,275,522,305,همه
416,275,416,305,487,275,487,305,کمیته‌های
354,275,354,305,408,275,408,305,هیئت‌ها
289,275,289,305,346,275,346,305,ضروری
225,275,225,305,281,275,281,305,می‌دانیم
206,275,206,305,217,275,217,305,و
152,275,152,305,198,275,198,305,علیرغم
119,275,119,305,144,275,144,305,این
67,275,67,305,111,275,111,305,موانع
45,275,45,305,56,275,56,305,و
511,310,511,340,568,310,568,340,چالش‌ها
460,310,460,340,499,310,499,340,هیئت
400,310,400,340,448,310,448,340,فوتبال
349,310,349,340,388,310,388,340,استان
290,310,290,340,337,310,337,340,اردبیل
257,310,257,340,278,310,278,340,10
200,310,200,340,245,310,245,340,فعالیت
110,310,110,340,188,310,188,340,اولویت‌دار
82,310,82,340,98,310,98,340,را
45,310,45,340,64,310,64,340,در
522,345,522,375,568,345,568,375,دستور
481,345,481,375,510,345,510,375,کار
439,345,439,375,469,345,469,375,قرار
396,345,396,375,427,345,427,375,داده
363,345,363,375,384,345,384,375,که
281,345,281,375,351,345,351,375,امیدواریم
258,345,258,375,269,345,269,375,با
199,345,199,375,246,345,246,375,تقویت
148,345,148,375,187,345,187,375,هیئت
88,345,88,375,136,345,136,375,فوتبال
45,345,45,375,64,345,64,375,در
488,380,488,410,570,380,570,410,شهرستان‌ها،
440,380,440,410,478,380,478,410,کمک
399,380,399,410,430,380,430,410,مالی
376,380,376,410,389,380,389,410,به
330,380,330,410,366,380,366,410,آنها،
243,380,243,410,320,380,320,410,سازماندهی
222,380,222,410,233,380,233,410,و
165,380,165,410,212,380,212,410,تقویت
103,380,103,410,155,380,155,410,مدارس
45,380,45,410,93,380,93,410,فوتبال
558,415,558,445,569,415,569,445,و
491,415,491,445,547,415,547,445,همچنین
374,415,374,445,480,415,480,445,استانداردسازی
301,415,301,445,363,415,363,445,لیگ‌های
251,415,251,445,290,415,290,445,استان
229,415,229,445,240,415,240,445,و
171,415,171,445,218,415,218,445,ارتقای
125,415,125,445,160,415,160,445,سطح
69,415,69,445,114,415,114,445,مربیان
45,415,45,445,56,415,56,445,و
524,450,524,480,574,450,574,480,داوران
470,450,470,480,518,450,518,480,بتوانیم
434,450,434,480,464,450,464,480,بستر
417,450,417,480,428,450,428,480,و
374,450,374,480,411,450,411,480,زمینه
326,450,326,480,368,450,368,480,خوبی
304,450,304,480,320,450,320,480,را
265,450,265,480,298,450,298,480,برای
217,450,217,480,259,450,259,480,توسعه
163,450,163,480,211,450,211,480,فوتبال
129,450,129,480,157,450,157,480,مهیا
84,450,84,480,123,450,123,480,کنیم.
45,450,45,480,71,450,71,480,وی
534,485,534,515,568,485,568,515,ادامه
494,485,494,515,522,485,522,515,داد:
430,485,430,515,482,485,482,515,مدارس
370,485,370,515,418,485,418,515,فوتبال
339,485,339,515,358,485,358,515,در
302,485,302,515,327,485,327,515,این
251,485,251,515,290,485,290,515,استان
220,485,220,515,239,485,239,515,در
184,485,184,515,208,485,208,515,حد
106,485,106,515,172,485,172,515,استاندارد
45,485,45,515,90,485,90,515,فعالیت
518,520,518,550,573,520,573,550,می‌کنند
500,520,500,550,511,520,511,550,و
461,520,461,550,493,520,493,550,حتی
416,520,416,550,454,520,454,550,برخی
394,520,394,550,409,520,409,550,از
335,520,335,550,387,520,387,550,مدارس
280,520,280,550,328,520,328,550,فوتبال
254,520,254,550,273,520,273,550,در
222,520,222,550,247,520,247,550,این
176,520,176,550,215,520,215,550,استان
156,520,156,550,169,520,169,550,به
106,520,106,550,149,520,149,550,عنوان
45,520,45,550,97,520,97,550,مدارس
537,555,537,585,575,555,575,585,نمونه
521,555,521,585,532,555,532,585,و
464,555,464,585,516,555,516,585,شاخص
440,555,440,585,459,555,459,585,در
400,555,400,585,435,555,435,585,سطح
370,555,370,585,395,555,395,585,ملی
324,555,324,585,365,555,365,585,مطرح
271,555,271,585,319,555,319,585,هستند.
503,590,503,620,575,590,575,620,راه‌اندازی
442,590,442,620,498,590,498,620,آکادمی
374,590,374,620,437,590,437,620,بین‌المللی
321,590,321,620,369,590,369,620,فوتبال
297,590,297,620,316,590,316,620,در
245,590,245,620,292,590,292,620,اردبیل
530,625,530,655,571,625,571,655,رئیس
482,625,482,655,521,625,521,655,هیئت
390,625,390,655,473,625,473,655,فوتبالاستان
334,625,334,655,381,625,381,655,اردبیل
276,625,276,655,325,625,325,655,توزیع
227,625,227,655,267,625,267,655,منابع
207,625,207,655,218,625,218,655,و
139,625,139,655,198,625,198,655,امکانات
114,625,114,655,130,625,130,655,را
45,625,45,655,98,625,98,655,برمبنای
527,660,527,690,573,660,573,690,عدالت
501,660,501,690,520,660,520,690,در
470,660,470,690,494,660,494,690,بین
420,660,420,690,463,660,463,690,مناطق
374,660,374,690,413,660,413,690,استان
315,660,315,690,367,660,367,690,یادآور
286,660,286,690,308,660,308,690,شد
268,660,268,690,279,660,279,690,و
232,660,232,690,261,660,261,690,بیان
190,660,190,690,225,660,225,690,کرد:
144,660,144,690,183,660,183,690,تلاش
83,660,83,690,137,660,137,690,می‌کنیم
63,660,63,690,76,660,76,690,تا
45,660,45,690,56,660,56,690,با
507,695,507,725,568,695,568,725,همکاری
451,695,451,725,495,695,495,725,کشور
374,695,374,725,439,695,439,725,جمهوری
286,695,286,725,362,695,362,725,آذربایجان
218,695,218,725,274,695,274,725,آکادمی
143,695,143,725,206,695,206,725,بین‌المللی
83,695,83,725,131,695,131,725,فوتبال
45,695,45,725,61,695,61,725,را
