1018,635,1036,739,837,697,837,620,پرده
803,604,810,701,560,706,595,601,سرای
568,587,556,704,266,701,308,587,ابریشم
1041,756,1043,789,1091,789,1084,755,انواع
966,749,964,783,1041,793,1036,755,پرده های
962,749,918,755,920,774,960,778,آماده
912,755,916,778,893,781,903,758,در
885,783,899,753,853,755,851,783,طرح
841,747,841,783,768,781,776,755,سایزهای
772,747,764,778,708,774,714,749,مختلف
389,745,385,778,520,783,520,753,۰۹۳۷۳۳۹۸۴۶۱
535,749,533,783,654,789,656,751,۰۹۲۱۵۷۴۳۳۶۴
259,767,269,747,317,753,309,778,واحد
216,746,260,753,253,774,213,771,۵۱۰
