1176,693,935,704,939,783,1188,816,شرکت
914,724,637,691,602,812,916,799,سیمرغ
589,701,585,789,277,814,304,718,مکران
1045,801,943,806,945,843,1051,845,
935,799,937,845,926,839,922,805,۱
67,868,65,899,13,899,19,862,پارسا
196,862,191,901,69,899,75,862,۳۵۳۱۳۰۴۴
235,858,233,903,406,907,410,868,09150123128
564,864,570,895,610,893,614,864,۵۲۰
618,864,618,891,666,895,666,870,واحد
945,868,945,899,853,903,858,866,لباسشویی
1134,868,1134,897,1061,897,1055,870,اسپیلت
1149,870,1141,907,1186,897,1191,870,کولر
1205,868,1203,901,1267,901,1267,874,یخچال
1045,870,1047,891,958,895,958,870,ال ای دی
290,695,290,712,256,712,255,695,۱۹۹۳
322,696,323,715,296,715,299,693,ثبت
