991,531,982,598,1064,598,1069,522,پارچه
982,517,880,534,877,569,967,578,سرای
875,528,880,592,804,574,816,531,یاس
694,590,792,581,790,611,687,618,کلکسیونی
685,583,687,605,671,618,668,592,از
662,583,664,614,611,614,616,586,نفیس
610,589,565,592,563,615,604,618,ترین
560,585,559,616,509,616,509,586,پارچه
503,593,467,590,465,615,502,611,های
461,586,457,616,419,616,420,592,کرپ
413,589,414,615,369,617,370,592,رنگی
361,587,360,616,289,619,301,589,طرحدار
287,589,286,616,212,618,216,592,مجلسی
206,596,206,619,193,618,197,597,و
193,590,190,613,144,620,150,586,شیک
740,625,740,652,793,647,791,620,آدرس
679,624,673,653,735,652,733,626,چابهار
670,625,607,630,608,655,671,647,مجتمع
600,623,603,649,545,650,548,630,تجاری
540,624,537,653,474,656,479,627,ابریشم
469,623,466,654,427,650,429,627,غرفه
419,622,421,647,378,647,385,625,506
776,661,793,669,793,686,782,686,با
777,683,771,660,702,663,710,688,مدیریت
690,658,688,688,619,686,619,665,نورزهی
126,632,283,632,280,655,128,652,۰۵۴۳۵۳۱۲۵۶۰
277,661,121,658,122,688,271,686,۰۹۹۱۴۴۸۲۶۲۸
333,533,327,567,453,565,454,535,PARCHE
464,535,590,537,590,559,466,563,SARAYE
596,534,602,563,655,562,663,537,YAS
1001,755,1006,786,1171,784,1164,753,welcome
1126,714,1135,750,1031,751,1023,718,open
