848,234,856,285,796,290,788,247,غرفه
781,258,792,258,796,285,783,287,:
732,262,775,254,777,294,737,305,۶۳
803,111,801,238,576,307,583,166,موبایل
557,181,561,313,385,343,421,225,فروشی
408,245,381,350,257,389,288,274,تاجیک
248,418,258,392,332,369,328,405,۰۹۱۵۹۹۹۹۸۲۴
176,539,170,561,138,560,147,533,انی
143,533,134,560,74,553,88,523,جدگال
74,556,74,569,91,571,89,557,یوسف
133,563,131,575,91,571,90,557,09155453533
147,565,147,577,132,576,134,563,مسعود
146,579,148,565,170,569,167,580,091533
38,654,32,686,4,686,9,655,تع
