1260,387,1275,485,1037,476,1050,385,واحد
1050,493,1038,642,1231,647,1197,494,61
970,411,958,642,567,608,650,396,بلال
584,417,576,625,71,601,196,421,موبایل
180,607,159,650,95,652,132,599,کلی
116,605,92,652,29,642,59,593,جزئی
1255,781,1251,883,912,855,946,762,بسم الله الرحمن الرحیم
422,847,421,881,453,886,462,853,iOS
470,847,454,892,538,896,544,853,Android
551,855,545,896,604,912,604,861,Black
667,869,656,920,598,903,612,858,Berry
265,830,254,863,314,876,317,846,iCloud
245,832,240,867,257,861,257,838,&
68,817,62,841,112,846,119,827,Unlock
126,823,118,843,137,848,146,826,All
192,829,186,855,136,848,151,820,Model
241,836,238,863,185,853,196,829,Phone
811,863,809,882,834,878,834,866,617
831,882,830,893,853,893,853,879,617
