218,440,506,440,492,621,196,627,Ali
521,447,1116,446,1145,619,512,622,Mobile
595,736,655,735,655,790,588,788,انواع
543,734,592,736,591,780,540,780,تبلت
251,737,316,736,305,788,245,785,کرده
319,739,354,740,342,784,307,784,کار
389,745,383,783,357,785,366,745,نو
354,751,367,751,358,785,340,784,و
461,738,454,785,390,786,404,737,اصلی
472,754,472,784,452,783,456,755,و
536,739,534,783,474,786,475,755,چینی
782,741,887,742,888,794,786,793,جانبی
963,738,971,793,898,795,893,741,لوازم
1108,743,1109,789,975,790,969,744,شیک ترین
1189,750,1200,795,1111,796,1111,756,بورس
