790,546,1036,521,1052,647,801,662,بوتیک
774,539,781,660,591,683,606,582,ایمان
331,602,564,575,559,671,318,703,IMAN
316,712,553,683,557,721,316,750,BOUTIQUE
1000,667,1005,696,1079,696,1079,667,مردانه
989,667,994,705,938,703,944,676,زنانه
924,667,929,709,862,712,853,680,بچگانه
1011,725,1215,721,1213,752,1011,768,۰۹۱۵۳۴۶۹۵۴۵
971,730,980,765,815,785,810,738,۰۹۰۳۱۹۹۰۰۵۱
794,747,799,781,756,781,756,752,ریگی
701,697,701,724,737,712,731,697,هندی
686,695,689,721,634,730,636,706,پاکستانی
448,768,446,791,413,791,415,773,شعبه
401,770,398,800,355,803,361,774,ابریشم
348,779,346,803,313,801,316,779,غرفه
289,779,285,806,303,803,312,779,203
612,558,612,576,568,588,570,558,شعبه 2
