574,509,566,626,402,582,425,463,چابهار
414,452,388,585,142,482,189,383,رایانه
651,631,649,663,623,654,629,626,غرفه
594,622,597,652,622,655,626,626,۵۴۲
125,528,128,571,2,548,9,495,۴۵۹۱۳۸
58,662,51,722,0,708,0,658,۴۲
618,734,623,762,580,757,582,735,تعمیرات
569,738,569,757,582,757,582,740,-
568,729,571,758,546,752,545,735,خرید
543,735,545,755,537,755,537,738,و
534,727,535,755,504,755,505,732,فروش
502,723,503,755,471,755,475,728,گوشی
472,723,472,750,448,749,450,723,های
448,719,447,751,435,749,435,723,نو
434,725,435,748,425,747,427,728,و
428,718,425,748,406,747,411,715,کار
408,714,405,746,375,743,375,719,کرده
372,718,375,744,361,742,363,720,و
359,708,360,742,321,742,323,712,لوازم
319,705,319,742,273,742,269,712,جانبی
489,772,492,789,610,795,607,776,vertu.mobile.cfz
610,801,616,855,572,856,577,809,لپ
572,805,575,855,525,859,518,803,تاپ
263,787,268,858,429,862,427,798,laptop
294,760,292,783,408,788,403,765,09153459138
