714,494,708,568,660,569,679,497,مکی
456,503,455,549,360,544,371,497,تعمیرات
364,502,354,548,304,544,308,508,کریم
301,500,303,540,212,539,209,497,GSM
497,595,500,619,540,615,536,596,
399,599,399,618,441,619,441,605,خدمات
350,599,350,621,397,621,397,599,موبایل
307,599,307,621,345,622,347,599,کریم
401,620,402,637,421,636,418,621,سخت
384,622,385,637,404,637,400,622,افزار
364,623,364,637,385,636,385,624,موبایل
363,623,363,637,345,636,346,624,وتبلت
301,623,304,638,343,639,345,622,GSM
297,624,297,636,259,638,265,624,دستگاههای
261,626,259,638,239,642,247,624,حضور
243,622,241,640,221,638,221,624,غیاب
304,606,303,622,272,623,276,605,دوربین
272,604,273,619,256,621,259,601,مدار
256,604,256,621,233,622,237,606,بسته
233,604,234,619,205,619,207,608,شبکه
68,627,67,672,6,675,7,632,تعمیرات
67,837,67,853,38,855,41,838,تعویض
37,834,34,855,4,854,6,835,گلس
83,861,84,879,61,881,69,858,خریدو
65,859,64,877,46,877,49,862,فروش
47,858,45,874,26,874,33,858,گوشی
29,859,27,873,13,872,14,858,دست
13,859,13,873,2,873,0,859,دوم
553,663,553,673,530,680,530,660,تعمیرات
529,662,531,678,510,680,513,664,موبایل
553,674,551,703,512,703,513,682,کریم
501,705,526,705,524,717,504,717,GSM
511,739,550,738,551,750,511,750,SAMSUNG
