989,149,3410,695,3582,1348,951,836,براندد

3284,1321,3501,1336,3536,1466,3368,1459,انواع

3016,1268,3276,1325,3352,1451,3051,1382,پوشاک

2730,1241,3020,1306,3005,1409,2730,1352,مردانه

2650,1283,2707,1272,2700,1378,2650,1378,و

2207,1180,2623,1260,2631,1378,2222,1302,بچه گانه

2070,1199,2180,1195,2180,1333,2131,1321,با

1562,1123,2062,1226,2070,1321,1569,1272,برندهای

1172,1126,1524,1165,1512,1260,1115,1256,معتبر

3055,1546,3612,1566,3620,1653,3108,1650,۰۹۱۵۹۶۷۵۱۴۲

2688,1527,2978,1543,2997,1650,2734,1634,مدیریت


2184,1493,2650,1543,2642,1646,2230,1627,سردارزهی

893,1424,1554,1455,1535,1581,913,1546,branded

1615,1482,1795,1474,1825,1573,1638,1577,cfz

