329,467,966,442,956,560,348,598,4030
821,623,821,568,985,548,997,594,قطعات
659,653,663,583,818,574,815,629,موبایل
892,729,876,662,1029,654,1022,720,تعمیرات
580,633,586,597,647,589,642,635,شرکت
459,609,579,603,579,632,464,644,همت دوست
301,639,380,624,388,663,312,667,۲۵۷۹
26,736,127,726,112,789,33,791,۷۰۶
742,738,738,676,883,657,869,724,4030
560,742,564,695,657,691,663,747,هوالرزاق
379,716,447,712,438,757,395,751,705
512,703,448,713,441,754,500,747,واحد
1094,682,1269,663,1266,710,1116,730,جانبی و گوشی
1065,439,1275,400,1269,551,1109,553,ات
1135,576,1275,564,1263,610,1153,612,۰۹۱۵۸۰۳۶
