305,233,297,271,417,289,420,248,۴۵۶۳۹
554,68,681,57,683,111,548,115,فروشگاه
463,92,551,72,547,117,463,144,کوچک
541,129,545,149,493,161,487,143,سامسونگ
582,127,584,144,543,151,543,137,رسمی
650,119,651,139,587,148,585,124,نمایندگی
796,124,804,172,610,225,608,179,SAMSUNG
1139,121,1243,189,1237,261,1114,205,ASUS
1119,249,1237,297,1235,255,1127,205,###
900,221,972,208,970,188,903,203,###
901,261,930,256,933,282,897,282,یک
971,251,975,278,928,280,928,260,واحد
897,320,977,311,979,333,899,338,###
911,443,976,445,976,487,908,480,تبلت
905,519,983,527,982,570,906,560,موبایل
255,25,364,31,348,201,249,191,Y.ir
12,36,1,95,153,124,159,77,مروار
248,287,274,289,272,308,248,307,03
309,295,311,316,275,313,273,291,پلاک
359,295,359,318,312,313,314,294,همکف
391,299,391,323,359,318,359,298,طبقه
259,319,293,320,291,343,258,340,۱۰۳
297,322,295,341,332,347,332,325,پلاک
361,325,361,349,331,345,331,325,اول
391,327,393,349,361,347,357,325,طبقه
503,282,525,283,527,351,503,349,Galaxy
501,352,523,354,523,392,505,391,Note
161,137,146,161,180,186,194,154,24
