491,175,477,208,714,194,715,159,ASUSIRAN
620,218,711,213,711,189,619,197,فروشگاه
533,227,615,219,615,197,536,205,ایسوس
481,230,529,227,533,205,486,205,ایران
163,248,159,281,203,293,204,261,تعمیرات
205,296,203,325,155,321,158,293,تخصصی
169,402,191,399,191,419,172,420,iOS
158,449,205,445,202,425,157,429,android
175,108,227,139,223,161,168,134,فروشگاه
116,72,111,101,170,135,175,105,آی سان
185,150,181,175,219,191,221,167,iSUN
201,474,201,491,185,494,185,476,خرید
157,480,179,474,179,496,158,501,فروش
180,484,187,483,185,496,178,496,و
197,502,196,519,165,527,162,510,انواع گوشی
200,546,202,570,182,578,183,552,لوازم
158,559,182,552,181,576,161,584,جانبی
421,192,428,202,404,215,396,203,###
334,313,355,312,357,366,337,362,CITY
335,367,352,367,350,383,338,381,ir
761,301,784,300,786,360,760,353,CITY
761,361,782,361,782,377,762,375,ir
425,260,447,257,467,324,447,324,شگفت انگیز
