142,138,198,139,199,158,145,158,NO.58
265,141,311,137,311,161,264,161,جانبی
356,138,355,161,313,162,314,141,لوازم
145,46,253,46,249,107,149,106,همراه
255,49,336,48,328,106,253,106,تلفن
342,49,480,56,475,106,338,108,تعمیرات
557,53,555,115,472,114,487,52,مرکز
560,73,589,68,588,113,559,114,و
602,51,740,51,743,122,590,111,فروشگاه
580,237,584,263,523,272,523,247,تعمیرات
625,232,625,260,585,264,585,235,مرکز
804,138,874,140,876,163,802,163,درخشان
926,140,928,165,878,166,876,142,ستاره
889,33,895,134,1206,152,1194,52,LENO
993,233,1022,233,1022,258,994,257,59
