576,180,574,231,535,220,545,165,صرافی
490,135,484,198,425,188,433,145,اسکناس
382,101,374,138,269,102,291,44,صرافی
274,41,265,99,142,59,166,3,اصیل
151,96,160,68,232,91,235,125,ASIL
238,93,241,127,382,171,377,142,EXCHANGE
43,75,44,95,120,115,120,96,۲۲۹۰۰۶۹۰
135,102,135,123,162,130,160,112,مرکزی
162,113,163,131,180,135,181,117,بانک
183,117,182,135,190,138,190,121,از
192,120,190,137,211,143,211,129,رسمی
214,130,211,143,231,148,231,134,مجوز
231,132,232,148,238,149,238,137,با
249,139,249,151,271,157,272,145,۵۴۰۱۹۴
274,146,274,159,284,162,285,149,ثبت
286,149,286,164,300,167,300,153,شماره
76,119,75,144,91,149,93,123,6
309,168,319,172,319,160,309,155,شرکا
320,163,319,172,324,174,323,164,و
340,166,340,177,350,180,350,170,جوار
339,166,339,178,324,175,324,161,پوردارا
658,215,656,238,681,236,678,218,صرافی
749,253,746,273,765,275,761,258,###
727,247,728,266,746,269,747,247,###
455,201,453,215,471,220,472,207,###
535,227,533,236,525,232,529,225,شرکت
519,222,516,232,526,233,528,225,###
509,218,507,229,516,233,519,222,###
503,217,501,228,508,229,510,217,علی
492,213,490,225,501,229,503,217,متشکری
490,214,488,223,490,224,492,215,و
480,210,479,222,488,225,490,212,###
