866,192,874,289,648,299,654,192,مصالح
271,201,279,308,640,274,638,195,ساختمانی
820,305,823,386,697,388,699,316,تولید
568,393,572,319,692,312,692,388,انواع
443,318,448,404,562,391,562,313,بلوک
341,328,336,400,442,390,438,325,بتنی
836,414,842,472,885,458,884,409,ته
734,412,736,468,829,477,823,410,بسته
699,419,700,484,736,481,726,423,و
653,410,656,472,690,468,696,406,ته 
592,406,589,491,657,481,643,407,باز
540,429,520,485,578,481,576,419,در
414,464,504,478,518,407,425,413,ابعاد
269,465,409,469,409,410,274,412,مختلف
284,529,498,526,497,487,296,487,۰۹۰۲۶۶۰۲۶۵۵
676,796,674,797,595,813,592,846,فروشگاه
526,813,529,858,589,856,589,817,روغن
