719,258,679,413,601,328,630,254,چی
619,235,594,399,455,392,530,238,بدم
770,292,762,349,704,341,715,293,وه
759,453,755,490,677,472,684,446,بورس
682,433,621,427,613,468,672,468,انواع
548,425,539,452,609,468,613,432,میوه
520,423,512,449,532,457,540,427,و
416,442,510,453,517,414,418,397,صیفی
336,427,408,437,411,389,341,389,جات
618,522,713,526,713,486,630,491,گلچین
556,507,616,513,620,480,563,478,شده
472,502,550,518,551,473,497,462,چهار
385,494,399,449,479,459,474,495,فصل
474,536,596,548,592,525,481,518,۰۹۳۳۸۱۱۵۰۰۹
631,567,630,593,550,584,549,563,سقارشات
481,555,480,584,548,588,550,563,پذیرفته
418,555,410,577,483,585,479,560,میشود
1575,121,1582,275,1432,229,1441,78,باستان
1547,534,1548,636,1597,633,1597,539,دویه
1495,494,1489,596,1539,595,1545,518,مواد
1423,483,1420,611,1495,608,1497,487,غذایی
1331,472,1327,607,1414,604,1415,458,آجیل
1284,462,1289,582,1325,577,1333,471,ومواد
1280,424,1210,424,1203,583,1292,582,بهداشتی
1509,639,1514,666,1446,666,1446,635,09158550122
1419,631,1419,661,1442,659,1443,630,تلفن
1384,630,1386,664,1417,661,1420,631,همراه
