527,205,511,335,705,355,705,227,عطاری
367,147,367,267,510,290,505,163,شفا
615,406,682,412,683,360,618,355,انواع
647,422,641,466,734,477,734,435,داروهای
553,456,631,466,641,410,563,403,گیاهی
742,490,640,478,647,533,741,540,ادویه ها
625,487,624,530,647,527,640,490,و
530,520,621,530,621,481,530,466,حبوبات
339,140,244,186,238,263,341,230,عطاری
245,349,326,328,323,241,251,273,شفا
306,347,307,382,270,390,270,359,انواع
324,379,325,407,280,422,284,394,داروهای
244,398,243,432,280,421,285,389,گیاهی
328,440,280,454,279,421,328,414,ادویه ها
269,455,283,454,280,430,272,431,و
235,436,235,468,269,461,272,431,حبوبات
