841,206,417,191,409,412,824,426,فلزیاب
401,517,819,522,824,438,407,430,۰۹۱۳۱۴۳۰۰۷۴
861,381,830,381,820,571,856,572,۰۹۱۳۱۴۳۰۰۷۴
871,173,838,172,830,358,866,365,۰۹۱۳۱۴۳۰۰۷۴
404,572,412,522,613,532,603,572,۰۹۱۳۱۴۳۰۰۷۴
516,180,514,214,409,217,415,182,تصویری
770,159,755,201,836,206,836,172,بزرگترین
723,156,715,193,755,191,768,164,مرکز
666,151,663,190,713,186,720,159,فروش
571,139,566,180,660,188,666,151,سیستم های
491,131,496,165,564,180,571,141,پیشرفته
421,122,417,164,496,167,490,133,فلزیاب
812,574,628,575,626,520,803,520,۰۹۱۳۱۴۳۰۰۷۴
