877,198,894,259,1131,233,1123,179,رأیسی
414,274,414,317,537,322,542,267,فروشگاه
334,284,334,325,410,326,409,284,مواد
262,291,254,337,330,323,333,290,غذایی
196,295,186,341,251,332,254,300,سرباز
1081,241,1085,265,1138,262,1136,243,مواد
998,250,1004,270,1082,262,1080,247,شوینده
885,261,890,282,989,273,984,254,بهداشتی
926,328,928,339,972,334,970,324,۰۹۱۶
985,325,988,336,1030,333,1031,322,۶۳۶
1044,320,1048,333,1107,329,1111,318,۸۷۶۳
924,347,929,358,976,355,978,344,۰۹۱۲
1038,351,993,355,991,343,1030,340,۹۱۵
1107,336,1049,341,1051,352,1107,348,۰۹۰۲
326,261,326,276,388,271,386,257,Amazon
997,255,986,258,989,271,1000,270,و
191,363,186,377,263,372,267,359,۰۹۱۵۰۳۶۶۱۰۷
181,394,263,390,268,378,181,382,۰۹۱۵۵۴۵۳۸۱۳
96,280,91,296,18,303,25,283,برودتی
125,297,121,341,2,353,5,309,بنیس
527,325,526,340,494,342,495,323,فروش
489,329,486,341,493,340,495,329,و
464,328,461,342,485,341,491,329,توزیع
438,328,436,346,460,342,466,328,انواع
541,354,499,357,498,343,541,339,کنسروجات
456,359,499,358,499,344,460,344,نوشیدنی
444,348,443,359,456,359,460,346,مواد
420,347,419,361,443,363,444,348,شوینده
530,359,530,372,510,375,510,362,قند
504,364,504,375,511,375,510,362,و
491,362,488,377,503,375,504,362,شکر
454,363,456,377,487,377,489,362,حبوبات
430,365,432,378,450,378,450,365,غیره
454,378,447,378,449,368,455,368,و
258,339,256,351,236,356,239,339,کلی
233,341,230,355,236,356,238,343,و
209,341,207,356,230,356,233,341,جزئی
1134,270,1136,287,1099,291,1099,276,انواع
1062,275,1062,291,1099,288,1098,277,مواد
1006,281,1007,296,1062,291,1060,278,شوینده
1139,303,1079,308,1078,292,1134,291,برندهای
1037,310,1077,307,1076,290,1041,295,ایرانی
1029,296,1028,309,1038,310,1038,297,و
987,297,985,314,1028,310,1027,297,خارجی
971,296,975,316,985,313,984,299,با
925,302,925,318,971,314,971,303,بهترین
884,303,884,319,923,318,925,303,قیمت
