837,503,773,707,1200,630,1175,445,صندوق
605,543,548,736,785,666,834,503,تعاون
380,582,316,755,552,723,603,543,روستایی
145,616,98,764,321,741,378,584,ایران
1085,678,1088,707,996,719,987,693,۳۵۲۸۶۵
1141,684,1141,709,1207,698,1196,677,شماره
1134,675,1135,711,1101,712,1098,685,ثبت
1098,733,1101,758,1087,758,1085,737,:
1170,749,1100,761,1096,739,1161,724,تاسیس
1028,735,1035,763,1087,755,1084,730,۱۳۲۰
818,733,821,767,878,756,873,719,نخستین
785,727,786,765,820,762,817,723,نهاد
749,729,749,772,785,764,787,727,مالی
738,738,735,774,749,773,748,739,و
688,730,678,778,736,771,740,728,تخصصی
640,736,633,781,679,777,684,737,تعاونی
621,743,613,780,633,780,637,748,در
584,743,579,784,613,779,620,748,بخش
527,746,522,791,581,783,582,745,کشاورزی
376,769,372,798,338,799,339,775,شعبه
280,774,274,808,332,800,335,774,چابهار
154,784,148,808,167,808,175,787,کد
124,788,119,815,146,813,153,788,شعبه
89,791,87,817,106,817,117,791,۷۰۶
117,811,111,811,115,794,121,795,:
