709,598,718,671,559,672,561,608,بیمه
549,589,545,673,427,680,427,595,البرز
715,714,545,720,547,690,714,685,INSURANCE
429,695,427,721,538,721,538,692,ALBORZ
1092,830,1094,869,978,864,982,829,نمایندگی
869,828,869,861,961,864,961,831,عیسایی
790,825,786,852,821,850,820,826,کد
702,829,706,853,773,852,774,829,۵۴۹۳
618,822,618,851,665,849,668,823,تلفن
442,821,441,843,477,844,481,823,۰۵۴
492,823,490,844,604,848,604,826,۳۵۳۳۶۱۳۰
206,647,208,794,301,788,311,655,جهان
159,670,157,790,206,788,206,674,مو
937,592,919,690,760,684,779,599,###
88,705,157,709,160,651,94,653,###
