1033,486,1067,590,540,540,542,430,چابهاران
275,396,221,493,507,540,524,455,پرواز
90,341,189,356,187,393,73,375,IATA
871,409,874,442,956,457,946,416,شرکت
762,392,767,427,866,438,865,402,خدمات
650,376,654,417,760,423,756,394,مسافرت
555,367,550,409,649,414,645,377,هوایی
534,376,529,406,547,402,549,377,,
371,344,367,385,522,406,529,360,جهانگردی
459,566,163,540,175,496,458,533,Chabaharan
625,580,460,570,466,533,624,551,Parvaz
702,583,630,581,637,547,699,555,Air
841,597,711,589,705,553,834,565,Travel
953,607,872,603,861,571,955,586,Tour
1105,627,950,617,959,577,1101,598,Agency
