676,239,676,279,604,279,613,240,شرکت
544,243,536,282,598,282,608,240,آذرپاد
476,246,477,279,531,275,538,253,صنعت
412,246,412,287,474,279,470,246,مکران
651,294,610,298,606,282,647,279,مسئولیت
575,297,608,294,607,283,576,284,محدود
538,294,508,297,509,283,536,281,شماره
492,283,489,298,508,296,509,283,ثبت
484,285,483,294,491,295,491,285,:
458,283,459,297,481,296,480,284,2058
649,300,649,313,625,315,628,302,اجرای
627,327,649,326,649,314,625,316,اجرای
625,340,650,339,650,327,627,328,اجرای
592,301,592,314,625,314,629,301,تاسیسات
576,301,576,315,592,315,592,301,برق
597,329,626,326,625,315,602,315,سیستم
580,328,598,328,602,314,583,314,اعلام
559,315,560,329,579,328,581,318,حریق
512,329,550,326,553,314,518,316,آدرسپذیر
483,326,510,328,512,316,484,316,متعارف
597,342,626,341,626,327,602,329,دوربین
583,329,598,330,597,340,577,342,مدار
561,339,578,341,584,331,561,330,بسته
373,316,372,328,422,328,423,316,۰۹۱۰۶۶۴۴۹۲۰
370,344,429,344,429,331,373,331,۰۹۳۳۳۸۴۴۱۵۹
481,333,480,343,454,342,456,333,مدیریت
433,332,432,341,454,342,456,333,گلستانه
545,304,545,314,567,313,570,305,صنعتی
508,303,507,315,542,313,542,305,ساختمانی
