718,382,718,442,813,430,815,386,سوپر
853,400,862,431,1007,424,1010,399,۰۹۱۶۲۳۲۵۱۴۶
1022,399,1024,430,1106,419,1103,402,دهقانی
586,376,582,434,707,428,707,382,مارکت
471,374,473,436,572,436,573,375,آپادانا
370,273,360,309,443,305,439,274,صنایع
283,260,281,308,362,301,363,268,غذایی
190,273,187,308,280,304,277,269,شهدین
775,126,773,161,673,163,675,133,خوشمزه
609,167,609,199,715,193,708,169,دلچسب
418,134,208,146,213,216,424,206,شهدین
1038,77,1041,96,1007,94,1008,79,شیفته
988,80,985,97,1007,97,1006,80,آرای
960,79,964,100,985,97,986,80,شرق
1043,103,1043,104,1007,107,1007,95,تاسیس
977,107,1006,106,1008,94,982,96,1373
723,290,725,312,686,318,681,300,گیلاس
832,247,834,271,776,276,772,256,شهدین
607,290,605,310,586,313,586,295,
555,301,556,315,585,313,586,295,
948,250,946,263,905,267,904,251,شهدین
645,261,645,281,703,280,703,259,شهدین
524,262,525,283,582,281,581,260,شهدین
180,378,180,391,239,393,239,378,WWW.
325,378,325,394,241,393,242,379,SHAHDIN
376,375,377,395,326,393,328,378,.COM
180,411,259,410,261,396,180,393,
315,409,272,410,271,396,312,393,
259,412,273,414,273,408,259,407,
418,412,418,429,368,429,367,415,محصولات
326,429,367,428,367,412,328,415,شهدین
295,429,323,429,328,415,301,415,تولید
269,429,267,429,295,428,295,412,شده
253,430,269,430,270,415,256,417,به
222,429,254,429,256,416,230,416,روش
202,413,199,427,225,429,225,417,هات
158,414,158,428,200,432,201,417,فیلینگ
565,593,284,609,290,717,549,717,آپادانا
