649,126,634,255,757,215,754,128,دفنر
516,121,504,255,621,236,627,130,فنی
276,151,256,243,496,230,497,145,مهندسی
251,120,155,158,151,246,248,236,ارم
679,291,680,336,744,338,747,303,طراحی
596,296,599,336,662,336,657,298,نظارت
484,294,482,336,586,338,579,298,پیمانکاری
366,291,366,334,466,333,468,291,کارشناسی
334,366,334,393,453,391,453,364,۰۹۱۵۱۹۵۰۷۰۵
329,418,463,421,464,394,331,393,۰۹۱۵۰۲۵۳۲۵۷
662,386,667,413,729,413,724,381,مهندس
646,381,649,409,602,411,604,381,ریگی
589,376,589,416,501,408,509,383,زینی زاده
958,409,960,449,1000,448,1000,409,قوه
890,443,957,448,957,406,885,404,قضایه
