765,204,776,241,695,236,689,207,املاک
781,241,632,225,646,285,785,277,نجاری
764,283,764,301,790,301,787,283,خرید
724,301,755,298,752,283,722,288,فروش
688,300,713,300,709,289,688,288,رهن
648,300,676,300,672,285,647,287,اجاره
703,320,669,321,669,306,698,306,۰۹۱۲
732,318,708,320,703,307,729,306,۹۶۷
766,318,737,321,735,305,764,307,۰۱۰۴
703,340,679,342,678,326,700,326,۰۵۴
769,338,707,341,704,325,767,326,۳۵۳۳۰۱۵۷
170,235,173,251,216,250,214,234,MASH
286,233,285,252,216,250,219,233,DONALD'S
145,369,147,384,246,378,248,364,MASHDONALD
275,359,277,377,252,378,248,364,CFZ
254,379,245,380,244,372,251,371,.
