1016,387,1017,426,918,425,917,387,منطقه
837,381,837,431,907,441,912,378,آزاد
738,384,727,438,831,443,829,385,چابهار
649,393,647,439,726,428,729,383,فطب
547,389,548,427,645,425,644,389,صنعت
527,405,523,436,550,438,544,404,و 
372,386,363,441,510,438,525,394,گردشگری
301,390,290,438,360,443,367,391,شرق
200,439,281,436,294,388,219,395,کشور
932,636,937,666,868,663,872,629,روابط
797,661,866,658,868,632,796,638,عمومی
779,662,791,661,792,641,784,641,و
785,628,774,660,740,663,749,635,امور
695,640,686,662,738,660,741,640,بین
641,632,635,660,688,649,689,629,الملل
561,628,563,624,556,660,630,659,سازمان
492,623,489,654,555,654,560,631,منطفه
454,621,448,655,486,662,492,623,آزاد
381,624,379,660,448,660,449,623,چابهار
