932,410,781,449,799,520,948,502,کابینت
506,479,438,506,442,545,498,533,کمد
778,594,962,590,945,503,775,539,دکراسیون
458,607,515,600,512,547,465,567,تخت
395,626,455,621,464,553,400,587,خواب
311,694,307,757,410,762,403,710,سقف
135,681,135,761,280,774,301,690,کاذب
1210,815,1224,960,1013,960,1021,816,چوب
956,299,768,339,774,367,967,334,کابینت
704,356,612,373,612,401,704,375,کمد
376,452,547,409,536,386,375,430,دکراسیون
767,300,689,322,696,349,781,327,صنایع
680,321,627,338,634,367,694,353,چوب
552,340,546,384,606,370,604,335,MDF
542,352,501,365,505,393,546,380,دریا
612,424,457,458,457,438,607,406,09921484737
857,360,918,349,920,373,861,380,تجاری
767,375,815,367,815,391,767,398,اداری
674,392,731,382,734,402,673,413,مسکونی
433,880,335,909,349,957,437,960,کاغذ
