1117,302,1111,469,1334,434,1339,330,مشاور
881,297,881,428,1098,427,1096,321,املاک
920,638,1309,657,1280,471,931,462,حافظ
1271,768,1278,815,1441,824,1442,778,۰۹۱۵۳۴۵۶۸۸۳
1062,819,1219,812,1221,776,1074,768,۰۹۰۱۵۴۰۱۰۰۳
1232,662,1237,698,1180,705,1178,667,خرید
1161,667,1167,711,1180,702,1180,667,و
1087,674,1094,710,1162,700,1161,666,فروش
1025,687,1035,718,1078,706,1073,680,رهن
947,698,959,732,1017,719,1001,679,اجاره
1305,703,1302,737,1221,734,1222,705,مشارکت
1188,736,1216,736,1218,703,1193,706,،
1122,732,1192,731,1191,703,1116,709,ساخت
1013,756,1110,743,1110,704,1009,724,پیمانکاران
903,789,1000,758,993,722,887,754,کارشناسی
1011,689,1020,722,1034,716,1023,685,و
