508,307,509,344,579,368,584,327,کرکره
433,283,429,324,504,347,498,307,برقی
538,386,584,403,587,375,548,358,جک
417,366,529,391,537,355,430,331,اتوماتیک
510,430,563,439,570,402,516,397,انواع
430,414,508,428,506,391,442,382,بالابر
516,448,518,492,532,492,526,452,با
464,445,469,477,514,482,513,448,ضمانت
444,439,443,473,467,475,466,438,18
405,437,405,466,442,469,438,436,ماهه
802,494,793,538,845,541,843,505,صنایع
753,486,745,529,793,534,798,488,فلزی
710,475,703,522,748,522,749,479,آرش
307,376,309,430,271,420,271,384,جک
254,390,252,424,268,426,266,394,و
194,375,192,422,241,426,256,377,کرکره
147,375,143,426,191,423,194,373,برقی
94,371,91,422,138,422,143,369,آرش
205,430,207,446,234,446,233,432,0991
266,431,271,450,242,448,243,433,505
272,431,277,448,300,449,304,434,2012
205,461,235,464,235,451,204,448,0903
241,464,266,466,265,450,241,451,129
305,466,303,466,274,466,275,452,3001
550,450,549,462,585,468,585,456,###
551,466,551,477,576,477,575,471,###
550,488,579,493,581,483,546,478,###
