1127,116,1125,201,976,186,978,114,بیمه
842,107,839,193,974,194,960,104,ایران
1075,234,1076,266,1025,268,1032,234,آرامش
989,237,985,262,1023,263,1030,234,سازان
931,233,928,266,985,266,982,234,خورشید
893,234,895,265,929,265,930,235,تابان
772,239,774,261,875,260,874,239,۰۹۱۵۸۴۷۳۸۶۲
1059,205,1060,230,1006,230,1009,207,نوشیروانی
811,211,811,220,822,220,822,208,کد
804,208,804,220,809,220,809,209,:
756,205,757,220,802,220,802,205,۳۳۷۹-۰۲
1121,236,1121,264,1077,264,1077,238,شرکت
1112,206,1113,228,1069,232,1067,208,نمایندگی
778,176,783,189,800,189,799,176,1314
