1270,285,1274,392,1071,400,1085,305,سالن
828,414,1071,400,1089,301,820,319,زیبایی
717,617,1260,597,1248,418,745,444,یسیز
1268,673,1268,735,1063,743,1059,683,تخصصی
882,747,1057,745,1051,693,886,701,پوست
842,703,844,752,878,752,878,709,و
768,707,770,756,826,752,836,709,مو
9,244,15,327,173,322,163,240,۴۹۹۸
181,132,188,212,13,215,18,137,۶۷۴۷
608,124,615,159,831,157,831,118,###
806,633,859,631,862,672,801,674,روز
866,631,866,660,922,660,923,630,متد
927,624,929,662,956,665,951,624,با
1078,611,1079,653,963,668,955,624,آرایشی
1192,609,1192,610,1195,651,1085,654,خدمات
1270,609,1276,647,1201,649,1201,615,کلیه
