1352,440,875,451,895,586,1343,606,آرایشگاه
573,440,584,553,857,550,846,437,داماد
772,852,772,903,1018,918,1030,863,۰۹۹۱۳۶۴۴۶۳۰۷
1341,919,1077,919,1068,855,1336,870,۰۹۹۳۳۵۲۱۵۲۰
1347,657,1349,683,1273,679,1279,653,خدمات
1203,644,1202,688,1265,687,1270,648,آرایش
1182,655,1180,687,1196,684,1198,660,و
1104,646,1108,692,1178,683,1179,652,پیرایش
1034,646,1035,683,1099,681,1096,645,مردانه
1336,722,1283,726,1284,698,1333,697,اصلاح
1253,724,1281,721,1282,698,1262,703,سر
1243,700,1243,723,1256,723,1256,700,و
1190,695,1192,723,1236,723,1244,697,صورت
1148,722,1156,690,1187,695,1187,717,مدل
1107,717,1144,719,1149,692,1111,691,فشن
1094,696,1093,718,1106,722,1108,696,و
1052,688,1050,714,1092,715,1093,692,ساده
1311,795,1214,794,1215,751,1305,749,پاکسازی
1147,760,1149,788,1212,789,1209,761,پوست
1050,746,1047,790,1111,792,1128,755,کراتینه
1016,759,1014,788,1044,788,1045,765,مو
1131,762,1130,780,1141,783,1143,763,،
1327,822,1270,829,1266,856,1312,862,گریم
1249,830,1248,862,1264,859,1263,833,و
1169,817,1168,858,1237,857,1245,815,آرایش
1071,813,1067,856,1161,851,1164,818,تخصصی
998,818,1003,849,1069,844,1066,821,داماد
1036,879,1035,896,1068,898,1069,883,-
