669,73,393,66,395,139,675,130,MAKA
874,70,709,68,724,132,867,132,WIN
693,229,880,226,876,157,696,179,آلومینیوم
656,182,659,224,688,224,685,184,و
400,234,652,234,648,179,406,187,یو پی وی سی
801,281,762,283,765,306,804,306,0911
837,279,841,301,809,303,806,282,269
880,278,885,300,845,302,841,282,6095
391,309,428,311,427,287,394,288,054
481,310,433,310,433,287,476,285,3533
530,308,484,311,482,286,525,286,1915
654,306,583,309,584,286,650,285,maka
708,284,713,307,655,310,657,286,.win
752,541,665,563,666,631,779,622,درب
620,572,619,631,648,629,643,567,و
381,647,602,637,590,552,382,562,پنجره
852,663,814,672,814,748,865,741,یو
798,671,807,764,737,741,744,700,پی
650,760,729,749,720,686,651,691,وی
637,690,554,713,559,768,638,754,سی
526,701,497,707,502,776,529,768,و
494,660,285,705,279,807,490,775,آلومینیوم
712,817,628,824,642,868,718,858,۰۹۰۲
294,901,373,892,368,850,294,859,۰۹۱۱
788,806,793,850,730,858,722,813,۷۸۴
870,836,803,845,797,805,865,796,۰۲۰۲
465,836,471,882,392,892,384,850,۲۶۹
568,831,578,877,478,883,478,839,۶۰۹۵
