940,29,671,24,656,128,944,126,تایلند
296,20,296,131,631,135,635,12,اسپرت
504,268,779,267,767,228,517,228,۰۹۱۵۱۹۵۸۰۵۹
927,153,877,157,881,187,929,185,انواع
804,186,874,186,869,152,804,154,روکش
721,182,728,181,798,177,793,149,صندلی
647,181,707,181,709,139,652,148,قالپاق
569,177,631,175,631,154,572,151,دودی
493,173,560,175,560,144,493,146,شیشه
941,225,881,223,882,197,936,195,رینگ
805,221,877,222,877,196,806,198,اسپرت
744,220,791,220,796,190,750,190,گارد
654,217,728,217,732,186,660,188,کفپوش
578,219,644,218,649,187,584,188,ایرانی
559,193,559,218,574,214,572,195,و
480,192,479,214,558,214,554,184,خارجی
1260,39,1261,103,1101,93,1126,30,تزئینات
1118,224,1117,239,1144,237,1145,226,HILUX
284,177,284,193,313,192,314,182,###
