1205,99,1017,119,1009,213,1227,193,دنیای
782,224,987,220,991,96,805,98,چراغ
526,234,773,236,772,107,516,125,اسپرت
501,120,248,169,259,254,505,233,نوین
1081,233,1085,271,980,282,984,248,طراحی
914,251,917,284,975,277,974,243,انواع
775,250,770,291,912,283,908,250,چراغ های
719,291,767,290,771,256,729,257,جلو
704,268,701,296,715,294,719,268,و
635,297,694,294,698,259,653,259,خطر
1197,283,1202,322,1142,330,1140,294,انواع
1046,306,1049,333,1026,335,1034,310,و
913,340,1022,335,1028,294,918,310,لامپ های
822,344,908,340,915,298,837,308,اتومبیل
745,349,820,344,828,307,752,315,ایرانی
731,326,725,351,742,350,744,325,و
630,355,717,351,724,315,635,323,خارجی
1085,353,1083,393,1007,395,1018,357,نهتانی
765,371,771,406,832,399,825,363,۰۹۰۱
905,357,838,365,849,399,901,395,۰۳۴
921,390,994,391,986,354,925,360,۰۹۰۵
