867,181,873,280,499,284,533,169,اصفهانی
1004,108,998,176,1077,164,1068,110,مرکز
836,161,993,151,989,96,839,116,تخصصی
635,149,827,159,836,90,640,97,کارشناسی
544,137,619,153,632,76,552,80,رنگ
518,102,522,151,540,147,544,104,و
415,134,512,147,518,79,427,87,بدنه
286,138,404,142,411,69,285,87,خودرو
270,358,271,384,446,390,445,365,۰۹۱۲۹۱۷۶۲۸۰
942,369,941,391,1100,393,1099,368,۰۹۹۲۴۳۸۱۱۶۲
734,324,734,349,753,350,751,329,با
659,330,660,351,731,347,728,329,مدیریت
705,386,783,387,778,360,710,364,اصفهانی
690,383,704,384,702,364,689,364,و
629,383,691,388,685,361,635,359,پسران
1040,452,1044,454,952,468,929,550,اتومبیل
1040,566,929,565,938,675,1051,656,اصفهانی
929,342,932,362,1097,363,1096,345,esfaahani_nagash912
1080,173,1163,174,1160,150,1070,146,LEXUS
911,183,913,219,969,221,971,186,کامل
180,119,180,139,261,143,257,121,TOYOTA
