370,50,288,95,299,160,362,172,آب
154,46,128,153,288,162,282,67,شیرین
51,25,53,135,118,132,141,36,کن
72,233,343,297,351,185,88,164,چشمه
852,315,864,399,749,433,748,353,سوغات
719,349,646,381,664,446,742,418,مشهد
307,324,309,374,372,372,374,328,مجهز
273,318,278,366,309,370,307,322,به
179,305,183,372,276,364,271,317,سیستم
95,294,101,353,177,347,177,303,تصفیه
44,276,48,343,97,347,97,282,آب
172,454,368,437,372,366,193,374,عابر
78,442,164,440,181,351,88,362,آب
200,538,366,566,364,484,206,498,شبانه
88,482,86,547,200,547,206,482,روزی
