788,124,790,225,911,238,905,132,تزئینات
646,125,650,229,783,236,775,128,اتومبیل
492,131,492,204,641,206,636,151,محمد
296,114,301,229,475,229,469,114,اسپرت
400,282,402,316,529,312,533,285,۰۹۱۵۹۲۹۶۵۴۳
542,294,542,304,559,305,558,296,-
691,314,563,314,564,281,687,287,۰۹۱۵۸۴۵۵۵۲۶
866,293,869,317,879,314,876,291,با
824,294,826,317,869,315,865,293,مدیریت
818,293,821,310,826,310,823,294,:
784,296,787,318,823,317,816,287,رئیسی
840,238,803,251,806,280,845,270,نصب
752,278,805,280,800,241,759,247,دودی
685,278,740,280,740,238,691,238,روکش
623,273,683,275,687,236,628,233,صندلی
612,243,612,266,621,268,621,247,،
565,277,607,273,609,234,577,235,کفی
517,273,551,273,549,232,515,236,باند
458,270,501,273,499,226,454,231,ضبط
440,243,441,273,454,273,451,243,و
1041,339,1044,367,1083,365,1083,341,۹۱۵
