686,98,685,122,613,122,622,90,سفری
562,89,560,120,611,122,619,86,آسان
551,92,554,114,562,114,560,93,،
529,86,530,116,550,117,550,89,به
475,80,470,114,526,114,527,84,دلایل
392,78,397,113,470,113,469,81,فراوان
14,272,14,294,38,297,41,278,4.5m
8,318,8,341,34,342,34,323,80
398,138,401,165,440,168,442,141,قیمت
443,167,443,143,493,144,491,170,کاهش
496,141,494,171,536,170,535,149,رسانی
536,146,538,170,574,174,578,147,اطلاع
580,146,575,177,635,176,635,156,سیستم
635,150,637,176,652,176,653,155,له
674,152,674,177,692,177,689,152,از
728,140,727,159,790,165,791,149,alibaba.ir
724,161,727,183,755,186,758,164,بابا
758,186,794,185,787,159,758,164,علی
