421,169,422,182,468,184,465,170,سازمان
380,168,380,181,423,182,419,168,منطقه
358,168,359,182,379,182,378,167,آزاد
315,167,315,182,359,183,356,168,چابهار
471,187,471,208,420,202,423,187,مجموعه
361,185,361,205,421,205,421,186,گردشگری
352,188,351,204,360,204,361,188,و
308,185,309,205,350,204,349,187,ساحلی
451,208,451,225,330,228,330,212,تیس
370,231,372,248,408,252,407,235,C.F.Z
310,250,310,264,333,265,330,253,TiSS
331,251,334,266,371,265,369,251,tourism
373,265,371,250,389,252,391,262,and
428,263,426,250,391,253,392,263,coastal
471,250,471,265,429,267,430,250,complex
