1222,414,1214,619,893,590,938,402,برق
883,409,425,412,393,590,859,568,صنعتی
378,403,357,597,112,594,220,426,نور
1091,664,1090,695,1213,700,1210,666,محاسبه
1075,657,1075,696,968,700,972,658,طراحی
963,661,963,694,943,697,945,670,و
933,653,935,690,841,694,843,666,اجرای
834,662,747,657,746,691,835,696,پروژه
738,659,734,694,676,694,683,653,های
671,657,670,696,613,691,615,655,برق
602,656,603,688,501,689,503,657,صنعتی
476,661,477,688,492,686,493,662,و
464,659,465,689,376,689,387,657,مونتاژ
377,653,374,684,257,687,261,662,تخصصی
254,656,252,690,182,689,194,656,تابلو
186,658,177,690,120,691,129,653,برق
919,744,1176,749,1170,791,914,780,۰۹۱۵۱۹۸۴۷۶۳
149,736,144,776,390,775,401,733,۰۵۴۳۵۳۳۶۴۸۴
