582,193,593,270,346,303,343,233,کابینت
325,236,330,309,140,314,138,250,پدیده
550,291,557,330,488,331,494,297,سازنده
488,299,481,334,424,337,433,310,کابینت
429,307,423,337,397,343,402,310,فلز
392,312,396,342,338,345,336,319,MDF
523,345,523,373,484,384,487,352,تمام
477,351,478,384,414,390,416,357,MDF
412,363,409,390,397,390,406,363,،
400,359,397,386,362,391,369,362,تمام
363,362,360,397,336,397,343,364,فلز
500,395,500,433,465,437,468,401,ارگ
465,394,465,439,428,443,424,411,اپن
420,410,424,438,409,440,409,417,و
407,407,407,439,336,449,336,416,مصنوعات
331,413,333,451,288,453,294,427,چوبی
588,435,588,462,574,462,571,435,با
566,439,569,464,504,471,505,443,مدیریت
504,445,505,466,497,467,497,446,:
494,448,495,472,417,479,415,453,حیدرزاده
391,453,394,482,241,498,241,468,۰۹۱۷۷۹۲۸۸۴۸
489,610,493,631,537,622,531,604,ALMA
331,635,336,649,379,645,374,631,ALMA
571,601,574,615,621,607,617,593,ALMA
656,588,660,603,705,596,703,583,ALMA
259,645,262,661,301,656,299,640,ALMA
409,622,412,637,455,633,453,619,ALMA
187,657,190,672,226,666,226,647,ALMA
