690,109,690,146,546,160,556,108,مشاور
546,116,543,160,422,169,428,131,املاک
794,141,795,223,509,242,516,164,گلشهر
502,176,504,237,446,236,446,189,2
736,247,733,226,678,232,677,251,خرید
659,232,660,257,601,259,601,237,فروش
579,257,576,236,531,245,528,262,اجاره
509,245,509,267,462,269,460,249,رهن
714,285,714,297,763,294,763,280,مدیریت
713,286,714,296,709,296,710,286,:
707,285,709,296,679,299,679,286,مالک
676,286,676,299,647,301,647,290,نخعی
624,275,623,293,487,299,488,284,۰۹۱۵۳۴۵۰۲۳۳
583,302,581,318,487,324,487,305,۳۵۳۳۱۹۷۶
792,503,787,679,636,685,659,509,املاک
591,496,626,544,471,722,432,636,گلشهر
