515,0,510,85,313,85,321,12,فروشگاه
254,17,255,101,54,108,67,53,نور
422,93,423,120,462,120,459,93,عرضه
370,95,375,119,419,117,419,94,قطعات
246,111,249,138,201,139,204,112,همراه
194,115,196,137,70,146,74,123,۰۹۱۵۶۲۵۰۱۶۱
241,141,240,169,204,172,206,148,تلفن
196,142,197,168,92,177,90,144,۳۵۳۳۷۷۹۹
503,115,501,142,457,150,461,121,کولر
455,124,455,144,439,143,441,130,-
436,125,439,146,387,152,392,128,یخچال
375,124,375,151,323,159,320,130,اسپیلت
501,147,503,170,459,177,461,154,ماشین
457,150,457,178,397,184,397,161,لباسشویی
393,159,396,183,383,186,387,168,و
381,157,383,184,353,187,353,165,جارو
348,160,351,186,313,191,316,173,برقی
521,478,516,489,541,491,545,475,۴۲۲
533,458,526,472,546,473,554,458,۸۲۳
