800,228,808,454,478,411,489,183,پاساژ
471,235,456,380,109,361,130,152,سرباز
806,472,805,499,745,494,746,461,صندل
743,470,741,494,727,494,734,473,و
727,467,728,490,644,488,639,457,دمپایی
565,447,565,478,528,475,531,443,انواع
525,448,525,475,477,472,481,448,پتو
478,446,478,469,466,470,466,447,و
463,442,465,469,395,465,396,435,پارچه
297,423,297,456,253,453,254,424,لوازم
252,416,247,454,186,448,192,420,آرایشی
186,418,184,448,170,446,175,425,و
171,415,171,446,100,442,103,411,بهداشتی
628,888,448,918,457,937,641,938,###
