655,179,897,192,899,260,655,247,فروشگاه
807,259,809,325,917,327,909,260,مواد
801,257,809,326,628,319,634,246,غذایی
273,149,274,234,585,247,578,185,Amazon
264,453,267,484,380,490,375,451,فروشگاه
249,445,252,487,141,491,150,454,شعیب
331,501,332,526,346,525,345,500,د
327,495,330,522,268,537,270,497,غذایی
127,152,185,155,182,170,129,165,آمازون
188,179,188,191,172,192,172,180,اروع
171,179,171,190,150,190,151,177,مذاق
150,177,149,188,122,189,123,175,للشای
179,194,177,202,156,201,158,192,شای
157,191,157,199,135,200,135,192,اسود
165,208,166,201,145,202,145,209,###
134,271,132,287,106,283,107,273,###
370,824,365,861,388,869,394,826,۴۷ق
394,830,387,868,420,876,422,845,۹۸۳۹۵
164,501,166,515,199,514,196,500,09150
164,516,240,517,238,532,168,531,۰۹۱۵۶۵۶۷۶۲۷
