776,180,774,346,1109,366,1085,195,فروشگاه
765,200,768,358,556,352,546,195,حاجی
538,178,546,343,396,344,386,192,لال
369,128,390,347,101,323,133,101,بخش
934,387,940,411,987,413,984,387,شعبه دو
894,390,898,421,859,416,858,395,تهیه
849,392,847,416,788,421,802,389,توزیع
794,381,795,418,739,424,750,389,انواع
742,387,744,418,702,418,696,387,مواد
693,381,696,419,634,418,637,387,غذایی
629,386,628,422,614,418,616,396,و
611,382,611,421,515,421,526,382,نوشیدنی
454,375,456,413,407,418,407,376,ایرانی)
404,379,404,410,390,408,396,387,-
389,375,389,414,335,414,334,375,(خارجی
222,352,222,381,172,376,174,352,موبایل
172,349,169,376,69,373,72,349,۰۹۱۵۱۴۵۰۵۳۱
219,384,219,408,178,408,183,382,تلفن
169,381,169,405,76,405,78,378,۳۵۳۳۴۱۷۱
120,411,119,439,79,437,78,407,۳۵۳
