881,116,878,183,1026,207,1019,123,فروشگاه
874,117,879,188,796,200,804,120,مواد
797,117,791,188,677,197,690,116,غذایی
406,106,406,147,334,145,331,99,عمده
328,110,329,154,306,151,317,113,و
310,102,310,137,254,145,260,110,تک
336,161,334,216,442,209,442,162,خارجی
315,166,315,209,343,209,341,166,و
314,152,315,202,229,214,230,159,ایرانی
1136,169,1117,363,408,392,426,235,آمازون
43,290,34,378,329,374,314,306,Amazon
575,388,579,434,708,438,712,395,Amazon
713,402,708,427,726,430,720,405,.
726,391,724,433,780,431,775,391,cfz
879,391,879,434,1082,431,1071,391,۰۹۱۵۹۹۷۶۳۱۹
