1181,458,2028,481,1994,669,1226,673,خیاطی

417,468,1171,458,1154,700,437,656,رئیسی

1875,772,2086,782,2086,891,1892,905,تلفن

1362,761,1830,768,1820,898,1366,878,۲۲۲۱۴۹۱
977,741,1035,782,1031,891,990,864,با

809,748,987,809,1004,905,799,891,مدیریت

512,734,779,744,758,905,512,881,محمد کریم

328,854,417,727,505,744,509,898,رئیسی

1714,973,2117,966,2124,1113,1738,1123,دوخت

1205,939,1694,953,1666,1123,1219,1103,لباسهای

775,942,1181,949,1181,1113,785,1096,بلوچی

662,922,748,932,758,1089,676,1086,با

516,936,656,942,676,1072,519,1065,مد

280,932,495,936,519,1096,277,1089,روز

