2700,974,3952,328,3998,1241,2780,1241,عینک

798,1134,1184,645,2910,573,2283,1203,ممتاز

3521,1375,3891,1348,3933,1455,3673,1516,معاینه

3265,1378,3463,1378,3627,1504,3268,1516,چشم

2604,1394,2910,1386,2902,1524,2650,1508,عینک

2344,1398,2589,1394,2631,1527,2390,1543,طبی

1825,1413,2077,1443,2016,1554,1825,1516,عینک

1489,1409,1821,1409,1798,1531,1520,1566,آفتابی

634,676,806,706,802,798,641,783,ممتاز

321,871,542,871,554,947,340,947,MOMTAZ

573,859,729,874,703,939,557,935,OPTIC

206,1100,557,1119,493,1203,199,1199,Momtaz

569,1088,767,1100,745,1184,550,1207,optic

149,1256,725,1241,695,1348,141,1336,09155551363

397,1382,680,1375,664,1485,389,1462,اپتومتریست

229,1386,389,1375,336,1470,221,1470,ملیحه

34,1394,225,1394,206,1504,8,1478,رحمانی

