3078,519,3734,565,3788,691,3108,645,نمایندگی

2577,500,3039,519,3055,622,2581,607,مرکزی

2100,504,2505,466,2547,638,2100,580,پخش

2986,680,3822,687,3883,882,3001,798,پپسی

3024,867,3963,874,4067,1084,3074,1073,pepsi

2696,630,2906,645,2910,737,2680,714,چابهار

2646,626,2677,634,2688,725,2635,699,و

2486,645,2635,622,2631,706,2470,706,حومه

2092,748,2283,752,2264,821,2092,825,انواع

1798,745,2092,737,2070,825,1753,829,نوشیدنی

1535,737,1722,745,1734,802,1531,790,پپسی

1940,829,2268,848,2283,932,1970,909,انرژی زا

1504,813,1909,825,1867,909,1516,890,آب معدنی

1474,890,1905,928,1871,997,1459,985,۰۹۳۸۸۴۳۶۹۰۳

1940,997,2318,1008,2302,928,1936,928,۰۹۱۵۱۹۵۳۲۲۹

1566,1004,2173,1012,2176,1084,1600,1081,۰۵۴۳۵۳۲۳۶۶۹

