760,421,759,496,606,504,608,444,فروشگاه
520,459,518,512,416,542,416,482,خانگی
660,529,655,570,557,577,563,530,وحید
602,445,598,516,524,525,525,464,لوازم
750,507,751,520,715,523,715,511,مدیریت
708,510,708,526,675,529,674,518,ریگی
747,527,747,543,673,549,672,536,09397384399
702,551,703,562,682,563,681,553,ریگی
739,550,739,560,705,562,704,552,محمد نبی
747,561,747,578,664,580,664,566,09021474582
700,597,700,613,597,621,598,602,###
593,584,592,601,551,604,551,587,###
637,580,636,596,594,602,595,585,###
666,581,665,596,635,600,635,584,###
674,595,755,590,757,571,670,582,###
