788,117,785,172,658,165,667,107,نمایشگاه
687,177,681,265,680,274,331,251,اسپرلوس
404,88,396,155,322,152,333,81,آنتیک
537,103,533,161,398,158,407,92,سنگ های
661,111,653,165,536,163,545,109,تخصصی
552,299,548,331,357,316,363,287,09120850140
359,324,353,348,541,360,545,335,05435332445
533,677,531,727,357,718,369,665,اسپرلوس
396,636,394,661,393,661,360,659,آنتیک
453,640,451,667,392,664,401,632,سنگ های
507,646,504,671,451,668,458,641,تخصصی
509,645,507,668,559,673,564,650,فروشگاه
459,738,456,755,374,747,375,729,09120850140
373,750,372,762,452,771,457,758,05435332445
