869,151,886,160,847,207,827,200,خدمات
882,179,879,264,711,281,713,202,کافی نت
709,206,706,283,619,290,626,220,حیان
673,309,672,338,617,341,620,308,موبایل
724,307,725,337,673,339,675,309,جانبی
773,304,773,334,728,334,730,306,لوازم
822,303,822,330,777,332,779,304,انواع
876,300,878,330,824,333,825,304,فروش
874,352,876,375,848,377,849,352,کپی
838,355,840,378,801,378,801,354,پرینت
792,354,794,371,757,374,760,355,اسکن
747,357,748,379,715,379,715,358,تایپ
705,359,706,376,665,379,666,362,تحقیق
654,359,656,378,603,380,604,364,ثبت نام
727,385,727,398,626,401,627,387,09016406878
808,379,808,400,764,399,765,380,بادافره
872,378,872,393,863,393,863,377,با
859,379,860,393,817,394,816,382,مدیریت
786,531,786,552,749,552,749,532,کافی نت
747,536,748,552,724,553,724,535,###
