759,89,754,150,644,169,660,104,لوازم
643,107,640,167,537,181,548,121,خرازی
486,362,486,385,362,394,362,374,09159534054
614,322,616,340,580,345,579,326,کاموا
573,328,573,344,543,349,541,333,مهره
535,329,537,348,499,354,500,337,نگین
493,335,493,354,441,359,443,341,لباسهای
386,344,386,363,440,360,440,342,بجه گانه
499,308,500,329,442,333,441,310,بدلیجات
565,304,566,322,504,328,504,309,بهداشتی
668,292,667,308,632,314,634,295,لوازم
631,292,629,314,575,321,577,300,آرایشی
575,305,576,319,565,320,565,304,و
735,332,737,349,706,352,705,335,جواد
