674,364,675,386,556,386,552,365,10/09/2023
746,364,748,386,691,385,689,363,11:34
655,154,655,208,581,207,585,154,تعویض
511,153,511,206,580,208,583,155,روغنی
497,171,496,202,509,200,511,169,و
500,156,495,204,432,201,436,161,کارواش
430,152,430,192,374,191,377,155,استاد
374,149,374,197,257,200,257,151,شاه جان
404,210,406,240,332,241,330,210,زیرشویی
483,256,482,280,371,281,373,255,09155459492
480,212,482,240,414,241,415,211,روشویی
550,211,550,241,488,241,489,216,توشویی
638,212,639,241,590,242,591,212,کارواش
590,211,589,239,559,239,559,211,کامل
