364,190,364,223,248,216,250,184,فروشگاه
243,186,240,224,134,216,138,181,رویال
361,234,362,255,313,258,316,233,فروش
310,233,312,253,271,257,273,231,انواع
268,233,268,252,237,251,239,233,هود
229,227,228,251,202,251,208,227,گاز
148,226,147,244,198,250,198,228,سینک
144,228,144,248,135,248,136,230,و
362,261,362,282,315,278,316,260,قطعات
312,260,313,281,272,281,276,260,یدکی
271,261,271,278,257,278,257,262,به
253,260,254,276,212,279,212,257,صورت
209,256,210,278,182,277,183,256,کلی
180,259,180,274,173,275,171,258,و
134,255,134,276,168,278,169,259,جزیی
244,313,247,337,350,339,346,315,###
376,379,377,394,306,395,306,382,10/09/2023
415,379,414,396,381,395,381,380,11:41
