1187,578,1198,679,1079,723,1070,619,مشهدت
1392,524,1414,645,1224,703,1218,553,سوغات
153,773,598,803,600,921,145,887,شبانه روزی
295,567,300,711,139,722,153,569,آب
593,616,593,730,293,732,323,593,عابر
130,251,127,401,548,487,586,308,چشمه
473,92,466,260,591,271,606,101,آب
234,74,222,235,476,273,472,126,شیرین
90,25,86,207,202,227,220,50,کن
161,459,160,557,68,558,77,464,آب
292,484,293,565,162,572,163,484,تصفیه
438,510,450,598,294,597,293,495,سیستم
501,521,507,606,458,592,449,520,به
604,528,610,612,497,610,507,527,مجهز
