464,104,464,128,414,130,417,104,سازمان
368,102,368,125,293,130,296,101,دریانوردی
384,103,379,127,411,128,415,104,بنادر
371,109,368,128,376,127,381,110,و
364,165,360,190,272,198,278,169,کلانتری
471,173,469,202,407,201,420,169,بندر
414,168,409,195,362,200,372,165,شهید
509,206,448,205,444,225,507,227,PORT
316,201,314,220,440,224,444,205,KALANTARI
234,197,236,215,309,218,314,200,SHAHID
538,140,535,162,494,164,502,142,اداره
501,140,494,162,476,162,482,138,کل
480,141,478,164,446,162,452,139,بنادر
279,135,278,158,222,160,220,133,بلوچستان
374,136,372,156,332,160,337,137,استان
333,137,330,160,286,160,289,136,سیستان
439,140,436,161,372,161,376,138,دریانوردی
286,141,285,157,276,157,280,139,و
447,145,445,161,439,162,440,147,و
