635,136,634,187,780,195,776,142,سیم کشی
604,131,604,187,530,184,531,130,کولر
428,128,429,178,524,185,524,132,سازی
191,110,187,173,291,174,291,121,موتور
393,120,397,183,299,178,296,117,تنظیم
401,135,402,178,422,176,421,133,و
175,167,174,250,440,266,435,184,عدالت
108,160,122,251,153,247,153,157,1
690,195,690,214,648,211,651,193,تعمیر
613,232,614,250,691,251,689,233,رادیات ساز
609,192,610,209,646,211,646,193,دینام
600,191,603,210,556,206,551,192,استارت
544,188,547,204,472,205,472,188,کمپرسور
520,210,522,224,472,224,473,209,اتومبیل
550,207,552,224,524,225,523,211,کامل
604,214,605,229,554,228,554,210,سیم کشی
637,212,638,229,613,229,612,212,کولر
656,212,658,228,641,228,641,216,گاز
688,215,688,230,660,230,658,213,شارژ
605,234,606,250,568,248,566,232,جوش
518,229,518,245,566,247,564,230,کاربیت
1028,285,1031,319,853,314,850,277,09158682813
950,327,954,355,780,353,778,326,10/09/2023
974,326,976,351,1053,350,1053,326,11:45
