275,142,273,283,610,397,596,279,Gplus
987,440,1000,550,912,529,887,433,جی
663,340,694,435,904,517,879,395,پلاس
1074,720,1072,783,631,729,674,594,سیلوان
1093,832,923,802,925,751,1088,790,SILVAN
1102,857,1117,927,1059,920,1050,865,لوازم
960,839,971,912,1051,906,1028,849,خانگی
855,823,868,903,966,914,946,832,پسران
772,811,777,895,856,877,844,822,کتری
686,801,699,874,768,878,752,802,زاده
144,533,140,558,83,547,93,523,کلینیک
3,497,1,532,81,547,93,526,سونوگرافی
118,606,139,561,97,564,79,608,دکتر
68,570,50,616,79,627,90,579,سید
28,554,18,592,58,602,66,572,داود
73,780,72,832,152,842,155,796,شماره
16,789,13,815,68,828,71,777,ثبت
143,641,142,666,115,661,121,638,فارغ
76,650,114,661,123,637,87,632,التخصیل
41,623,37,644,76,653,80,633,دانشگاه
17,620,16,646,37,644,41,623,علوم
942,562,908,553,905,532,941,544,فروشگاه
886,528,883,545,906,553,904,534,لوازم
856,514,857,537,881,543,884,527,خانگی
827,503,829,530,857,538,856,516,پسران
803,496,803,519,828,524,827,503,کتری
784,491,783,510,801,516,803,496,زاده
754,482,750,501,773,504,778,487,تلفن
688,454,688,480,745,497,748,478,۳۵۳۲۰۶۴۱
842,916,842,946,879,950,877,924,۰۹۱۵
1014,940,1009,958,971,959,975,933,همراه
919,923,921,950,886,949,886,923,۵۴۵
961,924,965,950,926,950,921,926,۳۲۶۹
1008,564,1012,587,969,576,969,553,گادیران
