732,103,693,501,394,409,542,94,تیرچه
1450,276,1448,362,1323,388,1326,313,نصب
1162,306,1175,412,1317,383,1321,299,دوربین
1499,381,1220,403,1222,478,1486,458,۰۹۲۱۰۳۲۵۱۰۶
1097,351,1054,448,1170,423,1158,374,مدار
758,482,761,588,656,569,653,498,چابهار
557,565,656,569,654,472,586,478,شهرک
481,572,503,477,581,481,552,585,کارگاهی
439,490,440,595,357,596,357,485,پشت
974,327,980,417,1055,433,1100,346,بسته
903,301,872,403,970,401,990,305,کف
762,305,748,392,860,394,895,307,قیمت
746,305,665,293,634,415,738,407,بازار
