1507,283,886,293,892,542,1501,441,سنگستان
545,344,880,331,891,498,544,478,محمد
1533,466,1533,527,1473,531,1490,464,تولید
1425,514,1432,463,1489,464,1477,514,سنگ
1353,547,1432,543,1426,457,1359,476,اسلب
1302,486,1301,527,1324,524,1324,487,و
1227,562,1306,559,1313,463,1225,469,تایل
1121,534,1189,536,1193,472,1123,476,عرضه
1064,543,1122,537,1124,476,1067,482,انواع
759,568,886,569,886,474,756,470,کاشی
730,515,727,554,746,553,745,515,و
577,578,723,575,729,470,580,477,سرامیک
434,309,428,361,509,369,503,308,چابهار
364,309,355,361,430,361,435,307,میدان
246,355,355,358,364,307,247,305,فرمانداری
205,308,188,358,246,358,246,305,بلوار
133,306,132,353,185,366,204,306,صیاد
67,392,501,387,504,476,66,491,۰۹۱۳۴۰۳۶۴۱۰
473,568,73,597,82,489,461,486,۰۹۱۳۰۱۷۸۴۷۹
535,516,520,476,574,473,577,509,برادران
502,493,514,531,540,523,521,485,حاج
474,486,462,577,515,536,498,487,هاشمی
98,294,103,365,127,363,126,295,1
