846,130,807,232,966,231,973,121,شماره
671,107,660,222,809,211,838,130,تماس
185,123,186,222,604,224,621,136,۰۹۰۱۳۹۱۴۳۱۴
1022,310,827,293,814,466,1030,449,لوازم
598,293,323,303,323,500,557,456,گرگیج
1031,505,801,533,804,637,1025,615,بورس
803,495,605,491,611,667,799,643,انواع
585,482,250,518,256,615,588,596,قطعات
1015,622,1009,716,881,736,892,638,پراید
710,742,879,726,892,630,713,648,زانتیا
452,624,383,747,568,747,575,612,پژو
446,609,378,758,150,760,172,606,تویوتا
664,287,820,290,807,464,645,475,یدکی
