563,305,526,364,672,371,670,313,ایران
560,281,537,343,409,340,414,278,یدک
674,405,631,409,641,384,670,380,پژو
572,382,576,409,622,409,621,382,پراید
514,384,513,410,560,408,561,382,زانتیا
449,385,451,407,497,404,498,389,سمند
434,392,436,412,450,410,448,393,و
437,420,437,448,568,441,565,419,۰۹۱۵۸۳۸۰۴۵۱
815,504,814,580,889,580,893,508,لوازم
745,505,739,595,816,585,818,498,یدکی
896,642,809,643,812,592,891,582,ایران
706,645,807,645,813,583,719,590,یدک
874,674,911,679,908,641,881,642,پژو
828,675,874,679,881,642,834,644,پراید
755,679,822,683,819,646,759,646,پارس
708,679,752,679,757,646,727,647,سمند
290,370,277,390,329,390,330,371,سپر
218,365,208,393,272,390,283,367,سازی
152,365,148,390,203,390,214,367,میلاد
510,387,508,405,501,404,503,390,،
626,386,626,402,634,402,635,387,،
662,419,663,439,652,440,652,419,با
612,427,613,439,651,436,651,420,مدیریت
575,425,575,440,604,437,602,424,شهاب
605,425,611,424,610,436,605,436,:
306,406,327,407,330,395,311,395,سپر
277,405,305,407,309,392,281,392,سازی
266,407,278,409,278,397,271,396,و
233,407,267,408,269,393,240,392,پولیش
224,406,233,407,235,396,229,394,و
183,407,225,407,227,394,188,392,سرامیک
162,406,185,407,187,392,169,391,بدنه
127,408,162,407,164,393,135,394,ماشین
418,505,413,535,359,548,364,520,جلوبندی
418,561,357,577,374,551,418,536,سپر
424,593,357,609,359,575,416,566,چراغ
418,625,363,629,375,604,416,593,اگزوز
354,665,414,651,410,626,362,630,تسمه تایم
336,694,406,718,410,657,371,662,بلبرینگ
107,584,94,667,5,649,6,591,سپرساز
