526,254,520,336,748,338,752,265,ایرانشهر
1102,546,1245,544,1232,469,1113,469,مراکز
942,535,1102,531,1113,467,953,467,صتعتی
914,469,902,531,936,531,945,487,و
750,458,748,533,902,529,911,469,تجاری
1037,606,1197,608,1203,557,1064,542,منطقه
933,602,1033,611,1046,540,953,542,آزاد
768,611,933,613,945,553,794,538,چابهار
1057,688,1230,701,1241,628,1108,624,چابهار
752,739,975,741,984,701,759,684,Chabahar
1086,739,987,741,991,695,1082,703,Free
1206,743,1093,748,1091,697,1212,708,Zone
750,787,849,794,847,745,765,745,Ind.
886,792,887,752,847,748,847,783,&
1026,792,894,794,900,750,1013,750,Trade
1212,796,1033,801,1037,752,1203,761,Centres
975,841,754,838,756,787,980,810,Chabahar
513,382,745,392,748,354,529,341,Iranshahr
