713,161,711,183,685,180,686,157,اداره
686,153,683,178,640,172,642,147,آموزش
638,148,638,168,629,168,632,148,و
630,145,628,168,582,161,584,133,پرورش
592,169,593,188,653,202,654,186,education
655,184,655,204,698,211,701,195,agency
683,249,681,272,721,277,719,255,اداره
681,247,680,271,635,263,634,236,میراث
630,235,632,259,571,256,570,223,فرهنگی
586,265,586,283,629,292,627,275,cultural
629,274,632,292,669,301,671,284,Heritage
674,283,671,304,710,311,712,295,Agency
729,354,728,375,686,370,691,347,سازمان
688,345,688,367,658,365,662,343,انتقال
658,345,658,361,637,366,636,339,خون
626,338,625,357,601,354,601,335,هلال
599,331,598,352,571,353,574,331,احمر
577,362,578,381,608,390,606,369,Blood
609,370,610,389,664,397,665,384,Transfusion
671,381,672,400,694,400,695,386,Helal
697,389,695,402,725,405,725,394,ahmar
682,447,685,470,733,476,733,455,سازمان
675,444,681,464,639,462,640,435,محیط
637,437,636,462,592,456,590,433,زیست
594,474,600,489,657,495,658,482,Environmental
658,481,659,496,699,502,701,487,Protection
702,486,702,505,729,508,730,493,Agency
679,547,679,571,650,568,655,542,نمایندگی
653,543,649,567,633,563,635,536,سازمان
633,533,632,561,596,559,596,542,بازرسی
665,585,662,601,651,598,657,580,استان
655,581,651,597,640,597,644,577,سیستان
642,580,642,595,633,597,640,582,و
640,576,638,594,604,596,601,574,بلوچستان
