566,17,566,34,585,17,585,34,11
515,65,515,95,572,65,572,95,صاحبان
465,65,465,95,507,65,507,95,حرفه،
427,65,427,95,457,65,457,95,ثبت
350,65,350,95,419,65,419,95,اختراعات
331,65,331,95,342,65,342,95,و
290,65,290,95,323,65,323,95,نشان
251,65,251,95,282,65,282,95,های
172,65,172,95,243,65,243,95,جغرافیایی
148,65,148,95,164,65,164,95,را
100,65,100,95,140,65,140,95,داریم
71,65,71,95,92,65,92,95,که
45,65,45,95,56,65,56,95,با
544,100,544,130,574,100,574,130,ثبت
509,100,509,130,538,100,538,130,آنها
467,100,467,130,503,100,503,130,منطقه
450,100,450,130,461,100,461,130,و
431,100,431,130,444,100,444,130,یا
393,100,393,130,425,100,425,130,حتی
329,100,329,130,387,100,387,130,کشوری
288,100,288,130,323,100,323,130,دیگر
216,100,216,130,282,100,282,130,نمی‌تواند
166,100,166,130,210,100,210,130,ادعای
107,100,107,130,160,100,160,130,مالکیت
90,100,90,130,101,100,101,130,و
45,100,45,130,75,100,75,130,ثبت
546,135,546,165,575,135,575,165,آنها
525,135,525,165,541,135,541,165,را
487,135,487,165,520,135,520,165,برای
449,135,449,165,482,135,482,165,خود
406,135,406,165,444,135,444,165,داشته
364,135,364,165,401,135,401,165,باشد.
530,170,530,200,572,170,572,200,معاون
471,170,471,200,522,170,522,200,سازمان
433,170,433,200,463,170,463,200,ثبت
389,170,389,200,425,170,425,200,اسناد
341,170,341,200,381,170,381,200,بابیان
295,170,295,200,333,170,333,200,اینکه
234,170,234,200,287,170,287,200,تاکنون
207,170,207,200,226,170,226,200,در
160,170,160,200,199,170,199,200,استان
89,170,89,200,152,170,152,200,کرمانشاه
45,170,45,200,78,170,78,200,فرش
516,205,516,235,572,205,572,235,دستباف
471,205,471,235,508,205,508,235,سنقر،
432,205,432,235,463,205,463,235,گلیم
377,205,377,235,424,205,424,235,هرسین
358,205,358,235,369,205,369,235,و
308,205,308,235,350,205,350,235,روغن
223,205,223,235,300,205,300,235,کرمانشاهی
202,205,202,235,215,205,215,235,به
164,205,164,235,194,205,194,235,ثبت
131,205,131,235,156,205,156,235,ملی
45,205,45,235,117,205,117,235,رسیده‌اند،
531,240,531,270,574,240,574,270,عنوان
490,240,490,270,525,240,525,270,کرد:
455,240,455,270,484,240,484,270,البته
416,240,416,270,449,240,449,270,فرش
354,240,354,270,410,240,410,270,دستباف
317,240,317,270,348,240,348,270,سنقر
300,240,300,270,311,240,311,270,و
263,240,263,270,294,240,294,270,گلیم
210,240,210,270,257,240,257,270,هرسین
191,240,191,270,204,240,204,270,به
155,240,155,270,185,240,185,270,ثبت
125,240,125,270,149,240,149,270,بین
80,240,80,270,119,240,119,270,المللی
45,240,45,270,65,240,65,270,هم
499,275,499,305,571,275,571,305,رسیده‌اند،
472,275,472,305,490,275,490,305,اما
430,275,430,305,463,275,463,305,برای
379,275,379,305,421,275,421,305,روغن
293,275,293,305,370,275,370,305,کرمانشاهی
247,275,247,305,284,275,284,305,هنوز
213,275,213,305,238,275,238,305,این
167,275,167,305,204,275,204,305,اقدام
105,275,105,305,158,275,158,305,صورت
45,275,45,305,89,275,89,305,نگرفته
554,310,554,340,575,310,575,340,که
491,310,491,340,549,310,549,340,مسئولین
441,310,441,340,486,310,486,340,استانی
407,310,407,340,436,310,436,340,باید
364,310,364,340,402,310,402,340,پیگیر
337,310,337,340,359,310,359,340,آن
289,310,289,340,332,310,332,340,باشند.
548,345,548,375,574,345,574,375,وی
502,345,502,375,542,345,542,375,بابیان
458,345,458,375,496,345,496,375,اینکه
389,345,389,375,452,345,452,375,کرمانشاه
333,345,333,375,383,345,383,375,ظرفیت
296,345,296,375,327,345,327,375,های
258,345,258,375,290,345,290,375,زیاد
203,345,203,375,252,345,252,375,دیگری
177,345,177,375,197,345,197,375,نیز
138,345,138,375,171,345,171,375,برای
102,345,102,375,132,345,132,375,ثبت
71,345,71,375,96,345,96,375,ملی
45,345,45,375,56,345,56,375,و
547,380,547,410,571,380,571,410,بین
499,380,499,410,538,380,538,410,المللی
451,380,451,410,490,380,490,410,دارد،
368,380,368,410,442,380,442,410,تاکیدکرد:
336,380,336,410,359,380,359,410,نان
284,380,284,410,327,380,327,410,برنجی
264,380,264,410,275,380,275,410,و
219,380,219,410,255,380,255,410,گیوه
195,380,195,410,210,380,210,410,از
152,380,152,410,186,380,186,410,جمله
118,380,118,410,143,380,143,410,این
45,380,45,410,110,380,110,410,ظرفیت‌ها
532,415,532,445,575,415,575,445,هستند
506,415,506,445,527,415,527,445,که
471,415,471,445,501,415,501,445,ثبت
437,415,437,445,466,415,466,445,آنها
388,415,388,445,432,415,432,445,اهتمام
325,415,325,445,383,415,383,445,مسئولین
275,415,275,445,320,415,320,445,استانی
254,415,254,445,270,415,270,445,را
191,415,191,445,249,415,249,445,می‌طلبد.
529,450,529,480,569,450,569,480,هادی
476,450,476,480,518,450,518,480,چگنی
388,450,388,480,465,450,465,480,یادآورشد:
341,450,341,480,377,450,377,480,مرکز
277,450,277,480,330,450,330,480,مالکیت
220,450,220,480,266,450,266,480,معنوی
184,450,184,480,209,450,209,480,این
122,450,122,480,173,450,173,480,سازمان
92,450,92,480,111,450,111,480,در
45,450,45,480,80,450,80,480,کنار
514,485,514,515,573,485,573,515,اقدامات
444,485,444,515,507,485,507,515,ذکرشده،
426,485,426,515,437,485,437,515,با
372,485,372,515,419,485,419,515,دعوت
350,485,350,515,365,485,365,515,از
283,485,283,515,343,485,343,515,اساتیدی
261,485,261,515,276,485,276,515,از
210,485,210,515,254,485,254,515,خارج
188,485,188,515,203,485,203,515,از
131,485,131,515,181,485,181,515,کشور،
85,485,85,515,124,485,124,515,برنامه
45,485,45,515,76,485,76,515,های
515,520,515,550,575,520,575,550,آموزشی
477,520,477,550,510,520,510,550,برای
434,520,434,550,472,520,472,550,برخی
414,520,414,550,429,520,429,550,از
362,520,362,550,409,520,409,550,شرکت
326,520,326,550,357,520,357,550,های
282,520,282,550,321,520,321,550,دانش
242,520,242,550,277,520,277,550,بنیان
206,520,206,550,237,520,237,550,اجرا
147,520,147,550,201,520,201,550,می‌کند.
548,555,548,585,574,555,574,585,وی
523,555,523,585,542,555,542,585,در
480,555,480,585,517,555,517,585,بخش
425,555,425,585,474,555,474,585,دیگری
404,555,404,585,419,555,419,585,از
338,555,338,585,398,555,398,585,سخنانش
319,555,319,585,332,555,332,585,به
259,555,259,585,313,555,313,585,اولویت
222,555,222,585,253,555,253,585,های
190,555,190,585,216,555,216,585,مهم
151,555,151,585,184,555,184,585,پیش
110,555,110,585,145,555,145,585,روی
45,555,45,585,96,555,96,585,سازمان
543,590,543,620,573,590,573,620,ثبت
500,590,500,620,536,590,536,620,اسناد
449,590,449,620,493,590,493,620,کشور
423,590,423,620,442,590,442,620,در
387,590,387,620,416,590,416,620,سال
279,590,279,620,380,590,380,620,1399پرداخت
261,590,261,620,272,590,272,620,و
216,590,216,620,254,590,254,620,گفت:
160,590,160,620,209,590,209,620,باتوجه
140,590,140,620,153,590,153,620,به
96,590,96,620,133,590,133,620,تایید
45,590,45,620,81,590,81,620,طرح
531,625,531,655,573,625,573,655,تحول
473,625,473,655,524,625,524,655,سازمان
436,625,436,655,466,625,466,655,ثبت
393,625,393,655,429,625,429,655,اسناد
342,625,342,655,386,625,386,655,کشور
320,625,320,655,335,625,335,655,از
276,625,276,655,313,625,313,655,سوی
219,625,219,655,269,625,269,655,ریاست
186,625,186,655,212,625,212,655,قوه
128,625,128,655,179,625,179,655,قضائیه،
102,625,102,655,121,625,121,655,در
45,625,45,655,91,625,91,655,تلاشیم
554,660,554,690,575,660,575,690,که
509,660,509,690,549,660,549,690,امسال
468,660,468,690,504,660,504,690,طرح
337,660,337,690,463,660,463,690,کاداستر(حدنگار)
316,660,316,690,332,660,332,690,را
261,660,261,690,311,660,311,690,اجرایی
217,660,217,690,256,660,256,690,کنیم.
530,695,530,725,572,695,572,725,معاون
492,695,492,725,522,695,522,725,ثبت
448,695,448,725,484,695,484,725,اسناد
396,695,396,725,440,695,440,725,کشور
348,695,348,725,388,695,388,725,بابیان
302,695,302,725,340,695,340,725,اینکه
253,695,253,725,294,695,294,725,قانون
187,695,187,725,245,695,245,725,کاداستر
160,695,160,725,179,695,179,725,در
123,695,123,725,152,695,152,725,سال
71,695,71,725,115,695,115,725,1393
45,695,45,725,64,695,64,725,در
