561,17,561,34,585,17,585,34,87
554,65,554,95,575,65,575,95,که
536,65,536,95,549,65,549,95,به
493,65,493,95,531,65,531,95,نسبت
459,65,459,95,488,65,488,95,سال
431,65,431,95,454,65,454,95,97
401,65,401,95,426,65,426,95,این
357,65,357,95,396,65,396,95,میزان
327,65,327,95,352,65,352,95,38
279,65,279,95,322,65,322,95,درصد
222,65,222,95,274,65,274,95,افزایش
179,65,179,95,217,65,217,95,داشته
137,65,137,95,174,65,174,95,است.
526,100,526,130,568,100,568,130,معاون
451,100,451,130,514,100,514,130,هماهنگی
406,100,406,130,439,100,439,130,امور
333,100,333,130,394,100,394,130,اقتصادی
310,100,310,130,321,100,321,130,و
256,100,256,130,298,100,298,130,توسعه
204,100,204,130,244,100,244,130,منابع
134,100,134,130,192,100,192,130,استاندار
45,100,45,130,115,100,115,130,کردستان،
544,135,544,165,573,135,573,165,ذکر
502,135,502,165,537,135,537,165,کرد:
476,135,476,165,495,135,495,165,در
440,135,440,165,469,135,469,165,سال
390,135,390,165,433,135,433,165,جاری
363,135,363,165,383,135,383,165,نیز
319,135,319,165,356,135,356,165,چهار
279,135,279,165,312,135,312,165,هزار
261,135,261,165,272,135,272,165,و
222,135,222,165,254,135,254,165,182
167,135,167,165,215,135,215,165,میلیارد
117,135,117,165,160,135,160,165,تومان
45,135,45,165,107,135,107,165,تسهیلات
532,170,532,200,573,170,573,200,بانکی
467,170,467,200,525,170,525,200,پرداخت
430,170,430,200,460,170,460,200,شده
401,170,401,200,423,170,423,200,لذا
363,170,363,200,394,170,394,200,تمام
317,170,317,200,356,170,356,200,تلاش
284,170,284,200,310,170,310,200,مان
252,170,252,200,277,170,277,200,این
213,170,213,200,245,170,245,200,است
185,170,185,200,206,170,206,200,که
116,170,116,200,178,170,178,200,تسهیلات
73,170,73,200,109,170,109,200,بیشتر
45,170,45,200,58,170,58,200,به
506,205,506,235,575,205,575,235,واحدهای
447,205,447,235,501,205,501,235,تولیدی
431,205,431,235,442,205,442,235,و
380,205,380,235,426,205,426,235,صنعتی
317,205,317,235,375,205,375,235,پرداخت
276,205,276,235,312,205,312,235,شود.
530,240,530,270,567,240,567,270,حامد
449,240,449,270,517,240,517,270,قادرزاده،
389,240,389,270,436,240,436,270,مدرس
323,240,323,270,376,240,376,270,دانشگاه
246,240,246,270,310,240,310,270,کردستان
214,240,214,270,233,240,233,270,در
176,240,176,270,201,240,201,270,این
128,240,128,270,163,240,163,270,جلسه
77,240,77,270,115,240,115,270,گفت:
45,240,45,270,56,240,56,270,با
522,275,522,305,571,275,571,305,حرکت
471,275,471,305,513,275,513,305,توسعه
418,275,418,305,462,275,462,305,صنعت
398,275,398,305,409,275,409,305,و
337,275,337,305,389,275,389,305,فناوری
303,275,303,305,328,275,328,305,آی
274,275,274,305,294,275,294,305,تی
237,275,237,305,265,275,265,305,قطعا
199,275,199,305,228,275,228,305,نظام
129,275,129,305,190,275,190,305,اقتصادی
101,275,101,305,120,275,120,305,در
45,275,45,305,90,275,90,305,شرایط
526,310,526,340,572,310,572,340,گذشته
436,310,436,340,518,310,518,340,نمی‌توانست
383,310,383,340,428,310,428,340,فعالیت
345,310,345,340,375,310,375,340,کند
319,310,319,340,337,310,337,340,اما
269,310,269,340,311,310,311,340,کرونا
238,310,238,340,261,310,261,340,یک
190,310,190,340,230,310,230,340,حالت
136,310,136,340,182,310,182,340,شتابان
115,310,115,340,128,310,128,340,به
82,310,82,340,107,310,107,340,این
45,310,45,340,66,310,66,340,امر
526,345,526,375,575,345,575,375,بخشید.
546,380,546,410,572,380,572,410,وی
494,380,494,410,538,380,538,410,افزود:
435,380,435,410,486,380,486,410,بسیاری
412,380,412,410,427,380,427,410,از
342,380,342,410,404,380,404,410,تسهیلات
295,380,295,410,334,380,334,410,استان
276,380,276,410,287,380,287,410,و
226,380,226,410,268,380,268,410,ارزش
171,380,171,410,218,380,218,410,افزوده
149,380,149,410,163,380,163,410,ما
122,380,122,410,141,380,141,410,در
70,380,70,410,114,380,114,410,خارج
45,380,45,410,60,380,60,410,از
533,415,533,445,572,415,572,445,استان
477,415,477,445,525,415,525,445,مصرف
418,415,418,445,469,415,469,445,می‌شود
388,415,388,445,410,415,410,445,لذا
361,415,361,445,380,415,380,445,در
328,415,328,445,353,415,353,445,این
275,415,275,445,320,415,320,445,شرایط
238,415,238,445,267,415,267,445,باید
171,415,171,445,230,415,230,445,تهدیدها
150,415,150,445,163,415,163,445,به
97,415,97,445,142,415,142,445,فرصت
45,415,45,445,89,415,89,445,تبدیل
532,450,532,480,575,450,575,480,شوند.
