564,17,564,34,585,17,585,34,10
520,65,520,95,575,65,575,95,خدمات
489,65,489,95,515,65,515,95,مهم
435,65,435,95,484,65,484,95,دیگری
376,65,376,95,430,65,430,95,همچون
341,65,341,95,371,65,371,95,ثبت
274,65,274,95,336,65,336,95,شرکت‌ها
253,65,253,95,269,65,269,95,را
211,65,211,95,248,65,248,95,انجام
147,65,147,95,206,65,206,95,می‌دهیم.
544,100,544,130,570,100,570,130,وی
521,100,521,130,534,100,534,130,به
465,100,465,130,511,100,511,130,اهمیت
425,100,425,130,455,100,455,130,ثبت
353,100,353,130,415,100,415,130,شرکت‌ها
305,100,305,130,343,100,343,130,اشاره
265,100,265,130,295,100,295,130,کرد
244,100,244,130,255,100,255,130,و
196,100,196,130,234,100,234,130,گفت:
163,100,163,130,186,100,186,130,یک
106,100,106,130,153,100,153,130,شرکت
45,100,45,130,86,100,86,130,زمانی
515,135,515,165,575,135,575,165,می‌تواند
455,135,455,165,510,135,510,165,وجاهت
403,135,403,165,450,135,450,165,قانونی
368,135,368,165,398,135,398,165,پیدا
333,135,333,165,363,135,363,165,کند
307,135,307,165,328,135,328,165,که
283,135,283,165,302,135,302,165,در
248,135,248,165,278,135,278,165,ثبت
207,135,207,165,243,135,243,165,اسناد
189,135,189,165,202,135,202,165,به
154,135,154,165,184,135,184,165,ثبت
104,135,104,165,149,135,149,165,رسیده
67,135,67,165,99,135,99,165,باشد
51,135,51,165,62,135,62,165,و
546,170,546,200,573,170,573,200,پس
524,170,524,200,539,170,539,200,از
495,170,495,200,517,170,517,200,آن
454,170,454,200,488,170,488,200,وارد
407,170,407,200,447,170,447,200,فضای
360,170,360,200,400,170,400,200,کسب
342,170,342,200,353,170,353,200,و
306,170,306,200,335,170,335,200,کار
241,170,241,200,299,170,299,200,می‌شود،
179,170,179,200,234,170,234,200,بنابراین
123,170,123,200,172,170,172,200,باتوجه
103,170,103,200,116,170,116,200,به
45,170,45,200,93,170,93,200,اهمیتی
554,205,554,235,575,205,575,235,که
487,205,487,235,549,205,549,235,شرکت‌ها
463,205,463,235,482,205,482,235,در
426,205,426,235,458,205,458,235,ارتقا
390,205,390,235,421,205,421,235,رتبه
345,205,345,235,385,205,385,235,فضای
300,205,300,235,340,205,340,235,کسب
284,205,284,235,295,205,295,235,و
250,205,250,235,279,205,279,235,کار
201,205,201,235,245,205,245,235,کشور
177,205,177,235,196,205,196,235,در
146,205,146,235,172,205,172,235,دنیا
95,205,95,235,141,205,141,235,دارند،
51,205,51,235,90,205,90,235,تلاش
521,240,521,270,575,240,575,270,می‌کنیم
503,240,503,270,516,240,516,270,تا
479,240,479,270,498,240,498,270,در
436,240,436,270,474,240,474,270,اسرع
396,240,396,270,431,240,431,270,وقت
332,240,332,270,391,240,391,270,اقدامات
281,240,281,270,327,240,327,270,مربوط
263,240,263,270,276,240,276,270,به
228,240,228,270,258,240,258,270,ثبت
194,240,194,270,223,240,223,270,آنها
173,240,173,270,189,240,189,270,را
131,240,131,270,168,240,168,270,انجام
88,240,88,270,126,240,126,270,دهیم.
530,275,530,305,572,275,572,305,معاون
492,275,492,305,522,275,522,305,ثبت
448,275,448,305,484,275,484,305,اسناد
396,275,396,305,440,275,440,305,کشور
369,275,369,305,388,275,388,305,در
327,275,327,305,361,275,361,305,ادامه
279,275,279,305,319,275,319,305,بابیان
233,275,233,305,271,275,271,305,اینکه
200,275,200,305,225,275,225,305,این
141,275,141,305,192,275,192,305,سازمان
89,275,89,305,133,275,133,305,پایگاه
45,275,45,305,75,275,75,305,ثبت
507,310,507,340,569,310,569,340,اطلاعات
441,310,441,340,496,310,496,340,اشخاص
381,310,381,340,430,310,430,340,حقوقی
351,310,351,340,370,310,370,340,در
296,310,296,340,340,310,340,340,کشور
246,310,246,340,285,310,285,340,است،
192,310,192,340,235,310,235,340,عنوان
146,310,146,340,181,310,181,340,کرد:
82,310,82,340,135,310,135,340,تاکنون
45,310,45,340,64,310,64,340,در
519,345,519,375,570,345,570,375,سازمان
479,345,479,375,509,345,509,375,ثبت
433,345,433,375,469,345,469,375,اسناد
379,345,379,375,423,345,423,375,کشور
350,345,350,375,369,345,369,375,دو
293,345,293,375,340,345,340,375,میلیون
272,345,272,375,283,345,283,375,و
228,345,228,375,262,345,262,375,500
185,345,185,375,218,345,218,375,هزار
115,345,115,375,175,345,175,375,شناسنامه
45,345,45,375,100,345,100,375,اشخاص
526,380,526,410,575,380,575,410,حقوقی
481,380,481,410,521,380,521,410,صادر
465,380,465,410,476,380,476,410,و
447,380,447,410,460,380,460,410,به
412,380,412,410,442,380,442,410,ثبت
362,380,362,410,407,380,407,410,رسیده
320,380,320,410,357,380,357,410,است.
544,415,544,445,570,415,570,445,وی
478,415,478,445,534,415,534,445,همچنین
455,415,455,445,468,415,468,445,به
394,415,394,445,445,415,445,445,عملکرد
333,415,333,445,384,415,384,445,سازمان
293,415,293,445,323,415,323,445,ثبت
247,415,247,445,283,415,283,445,اسناد
193,415,193,445,237,415,237,445,کشور
164,415,164,445,183,415,183,445,در
87,415,87,445,154,415,154,445,اجراییات
45,415,45,445,75,415,75,445,ثبت
536,450,536,480,574,450,574,480,اشاره
500,450,500,480,530,450,530,480,کرد
483,450,483,480,494,450,494,480,و
439,450,439,480,477,450,477,480,گفت:
403,450,403,480,433,450,433,480,طبق
356,450,356,480,397,450,397,480,قانون
311,450,311,480,350,450,350,480,برنامه
274,450,274,480,305,450,305,480,ششم
226,450,226,480,268,450,268,480,توسعه
179,450,179,480,220,450,220,480,وظیفه
128,450,128,480,173,450,173,480,اجرای
91,450,91,480,122,450,122,480,تمام
45,450,45,480,81,450,81,480,اسناد
530,485,530,515,572,485,572,515,رسمی
490,485,490,515,522,485,522,515,لازم
438,485,438,515,482,485,482,515,الاجرا
415,485,415,515,430,485,430,515,از
375,485,375,515,407,485,407,515,قبیل
331,485,331,515,367,485,367,515,چک،
284,485,284,515,323,485,323,515,مهریه
265,485,265,515,276,485,276,515,و
221,485,221,515,257,485,257,515,اسناد
175,485,175,515,213,485,213,515,رهنی
148,485,148,515,167,485,167,515,در
89,485,89,515,140,485,140,515,سازمان
45,485,45,515,75,485,75,515,ثبت
535,520,535,550,571,520,571,550,اسناد
489,520,489,550,526,520,526,550,انجام
426,520,426,550,480,520,480,550,می‌گیرد
396,520,396,550,417,520,417,550,که
354,520,354,550,387,520,387,550,برای
307,520,307,550,345,520,345,550,نمونه
279,520,279,550,298,520,298,550,در
241,520,241,550,270,520,270,550,سال
188,520,188,550,232,520,232,550,1398
146,520,146,550,179,520,179,550,مبلغ
98,520,98,550,137,520,137,550,یازده
45,520,45,550,78,520,78,550,هزار
527,555,527,585,575,555,575,585,میلیارد
479,555,479,585,522,555,522,585,تومان
459,555,459,585,474,555,474,585,از
398,555,398,585,454,555,454,585,معوقات
361,555,361,585,393,555,393,585,بانک
340,555,340,585,356,555,356,585,ها
319,555,319,585,335,555,335,585,را
254,555,254,585,314,555,314,585,توانستیم
201,555,201,585,249,555,249,585,وصول
157,555,157,585,196,555,196,585,کنیم.
534,590,534,620,574,590,574,620,هادی
486,590,486,620,528,590,528,620,چگنی
440,590,440,620,480,590,480,620,اضافه
399,590,399,620,434,590,434,620,کرد:
345,590,345,620,393,590,393,620,وصول
314,590,314,620,339,590,339,620,این
281,590,281,620,308,590,308,620,رقم
260,590,260,620,275,590,275,620,از
197,590,197,620,254,590,254,620,مطالبات
159,590,159,620,191,590,191,620,بانک
137,590,137,620,153,590,153,620,ها
98,590,98,620,131,590,131,620,نشان
69,590,69,620,92,590,92,620,داد
45,590,45,620,66,590,66,620,که
524,625,524,655,575,625,575,655,سازمان
489,625,489,655,519,625,519,655,ثبت
448,625,448,655,484,625,484,655,اسناد
383,625,383,655,443,625,443,655,می‌تواند
365,625,365,655,378,625,378,655,به
314,625,314,655,360,625,360,655,اقتصاد
265,625,265,655,309,625,309,655,کشور
222,625,222,655,260,625,260,655,کمک
182,625,182,655,217,625,217,655,کند.
545,660,545,690,571,660,571,690,وی
517,660,517,690,536,660,536,690,در
474,660,474,690,508,660,508,690,ادامه
452,660,452,690,465,660,465,690,به
405,660,405,690,443,660,443,690,برخی
337,660,337,690,396,660,396,690,اقدامات
292,660,292,690,328,660,328,690,مرکز
230,660,230,690,283,660,283,690,مالکیت
175,660,175,690,221,660,221,690,معنوی
141,660,141,690,166,660,166,690,این
81,660,81,690,132,660,132,690,سازمان
45,660,45,690,65,660,65,690,هم
512,695,512,725,569,695,569,725,اشاره‌ای
471,695,471,725,501,695,501,725,کرد
449,695,449,725,460,695,460,725,و
400,695,400,725,438,695,438,725,گفت:
370,695,370,725,389,695,389,725,در
334,695,334,725,359,695,359,725,این
287,695,287,725,323,695,323,725,مرکز
246,695,246,725,276,695,276,725,ثبت
198,695,198,725,235,695,235,725,علائم
138,695,138,725,187,695,187,725,تجاری
72,695,72,725,127,695,127,725,اشخاص
45,695,45,725,56,695,56,725,و
