562,17,562,34,585,17,585,34,96
545,85,545,115,575,85,575,115,50
500,85,500,115,540,85,540,115,درصد
459,85,459,115,495,85,495,115,طلاق
424,85,424,115,454,85,454,115,زوج
390,85,390,115,419,85,419,115,های
337,85,337,115,385,85,385,115,سمنانی
313,85,313,115,332,85,332,115,در
284,85,284,115,308,85,308,115,پنج
251,85,251,115,279,85,279,115,سال
219,85,219,115,246,85,246,115,اول
168,85,168,115,214,85,214,115,زندگی
131,85,131,115,163,85,163,115,روی
102,85,102,115,126,85,126,115,می
70,85,70,115,99,85,99,115,دهد
522,120,522,150,570,120,570,150,مصطفی
467,120,467,150,512,120,512,150,مرادی
438,120,438,150,457,120,457,150,در
393,120,393,150,428,120,428,150,جلسه
351,120,351,150,383,120,383,150,ستاد
273,120,273,150,341,120,341,150,ساماندهی
211,120,211,150,263,120,263,150,جوانان
162,120,162,150,201,120,201,150,استان
108,120,108,150,152,120,152,150,سمنان
45,120,45,150,89,120,89,150,افزود:
521,155,521,185,566,155,566,185,اجرای
471,155,471,185,507,155,507,185,طرح
394,155,394,185,457,155,457,185,هماهنگی
343,155,343,185,380,155,380,185,شبکه
272,155,272,185,329,155,329,185,ارتباطی
184,155,184,185,258,155,258,185,باشگاه‌های
109,155,109,185,170,155,170,185,زوجهای
45,155,45,185,86,155,86,185,جوان
537,190,537,220,570,190,570,220,برای
483,190,483,220,527,190,527,220,تسهیل
462,190,462,220,473,190,473,220,و
392,190,392,220,452,190,452,220,پایداری
328,190,328,220,382,190,382,220,ازدواج
266,190,266,220,318,190,318,220,جوانان
237,190,237,220,256,190,256,220,در
188,190,188,220,227,190,227,220,استان
134,190,134,220,178,190,178,220,سمنان
105,190,105,220,124,190,124,220,در
45,190,45,220,91,190,91,220,دستور
546,225,546,255,575,225,575,255,کار
504,225,504,255,541,225,541,255,است.
546,260,546,290,572,260,572,290,وی
498,260,498,290,538,260,538,290,هدف
456,260,456,290,490,260,490,290,ویژه
403,260,403,290,448,260,448,290,اجرای
370,260,370,290,395,260,395,290,این
326,260,326,290,362,260,362,290,طرح
302,260,302,290,318,260,318,290,را
246,260,246,290,294,260,294,290,کاهش
205,260,205,290,238,260,238,290,آمار
159,260,159,290,197,260,197,290,طلاق
140,260,140,290,151,260,151,290,و
94,260,94,290,132,260,132,290,آسان
45,260,45,290,86,260,86,290,سازی
517,295,517,325,571,295,571,325,ازدواج
465,295,465,325,508,295,508,325,عنوان
426,295,426,325,456,295,456,325,کرد
406,295,406,325,417,295,417,325,و
359,295,359,325,397,295,397,325,گفت:
331,295,331,325,350,295,350,325,در
293,295,293,325,322,295,322,325,سال
238,295,238,325,284,295,284,325,گذشته
183,295,183,325,229,295,229,325,3400
137,295,137,325,174,295,174,325,مورد
74,295,74,325,128,295,128,325,ازدواج
45,295,45,325,64,295,64,325,در
536,330,536,360,575,330,575,360,استان
487,330,487,360,531,330,531,360,سمنان
452,330,452,360,482,330,482,360,ثبت
417,330,417,360,447,330,447,360,شده
375,330,375,360,412,330,412,360,است.
509,365,509,395,570,365,570,395,سرپرست
463,365,463,395,499,365,499,395,اداره
427,365,427,395,453,365,453,395,کل
369,365,369,395,417,365,417,395,ورزش
348,365,348,395,359,365,359,395,و
286,365,286,395,338,365,338,395,جوانان
237,365,237,395,276,365,276,395,استان
183,365,183,395,227,365,227,395,سمنان
139,365,139,395,173,365,173,395,ادامه
101,365,101,395,129,365,129,395,داد:
45,365,45,395,89,365,89,395,اعطای
508,400,508,430,570,400,570,430,تسهیلات
487,400,487,430,498,400,498,430,و
422,400,422,430,477,400,477,430,خدمات
360,400,360,430,412,400,412,430,رفاهی،
289,400,289,430,350,400,350,430,تخصیص
231,400,231,430,279,400,279,430,تخفیف
190,400,190,430,221,400,221,430,های
146,400,146,430,180,400,180,430,ویژه
103,400,103,430,136,400,136,430,برای
45,400,45,430,84,400,84,430,خرید
534,435,534,465,568,435,568,465,اقلام
457,435,457,465,522,435,522,465,ضروری،
406,435,406,465,445,435,445,465,ایجاد
352,435,352,465,394,435,394,465,انگیزه
307,435,307,465,340,435,340,465,برای
248,435,248,465,295,435,295,465,حضور
185,435,185,465,236,435,236,465,زوجین
154,435,154,465,173,435,173,465,در
97,435,97,465,142,435,142,465,کلاس
45,435,45,465,76,435,76,465,های
510,470,510,500,570,470,570,500,آموزشی
481,470,481,500,500,470,500,500,در
434,470,434,500,471,470,471,500,شبکه
367,470,367,500,424,470,424,500,ارتباطی
312,470,312,500,357,470,357,500,باشگاه
266,470,266,500,302,470,302,500,زوج
225,470,225,500,256,470,256,500,های
174,470,174,500,215,470,215,500,جوان
131,470,131,500,164,470,164,500,پیش
91,470,91,500,121,470,121,500,بینی
45,470,45,500,75,470,75,500,شده
538,505,538,535,575,505,575,535,است.
523,540,523,570,568,540,568,570,مرادی
461,540,461,570,511,540,511,570,تصریح
414,540,414,570,449,540,449,570,کرد:
347,540,347,570,402,540,402,570,خدمات
316,540,316,570,335,540,335,570,در
267,540,267,570,304,540,304,570,شبکه
198,540,198,570,255,540,255,570,ارتباطی
112,540,112,570,186,540,186,570,باشگاه‌های
45,540,45,570,96,540,96,570,زوجین
533,575,533,605,574,575,574,605,جوان
514,575,514,605,527,575,527,605,به
455,575,455,605,508,575,508,605,صورت
400,575,400,605,449,575,449,605,عمومی
383,575,383,605,394,575,394,605,و
313,575,313,605,377,575,377,605,خصوصی
268,575,268,605,307,575,307,605,برنامه
222,575,222,605,262,575,262,605,ریزی
186,575,186,605,216,575,216,605,شده
148,575,148,605,180,575,180,605,است
131,575,131,605,142,575,142,605,و
74,575,74,605,125,575,125,605,بسیاری
45,575,45,605,60,575,60,605,از
547,610,547,640,572,610,572,640,این
503,610,503,640,539,610,539,640,طرح
479,610,479,640,495,610,495,640,ها
460,610,460,640,471,610,471,640,با
414,610,414,640,452,610,452,640,کمک
384,610,384,640,406,610,406,640,نرم
327,610,327,640,376,610,376,640,افزارها
282,610,282,640,319,610,319,640,انجام
225,610,225,640,274,610,274,640,خواهد
188,610,188,640,217,610,217,640,شد،
161,610,161,640,180,610,180,640,در
119,610,119,640,153,610,153,640,بحث
45,610,45,640,100,610,100,640,خدمات
516,645,516,675,572,645,572,675,عمومی،
451,645,451,675,508,645,508,675,خدماتی
430,645,430,675,443,645,443,675,به
371,645,371,675,422,645,422,675,زوجین
329,645,329,675,363,645,363,675,ارایه
272,645,272,675,321,645,321,675,خواهد
242,645,242,675,264,645,264,675,شد
213,645,213,675,234,645,234,675,که
186,645,186,675,205,645,205,675,در
154,645,154,675,178,645,178,675,بین
98,645,98,675,146,645,146,675,اعضای
45,645,45,675,85,645,85,675,جامعه
520,680,520,710,572,680,572,710,متداول
480,680,480,710,512,680,512,710,است
461,680,461,710,472,680,472,710,و
392,680,392,710,453,680,453,710,همکاری
315,680,315,710,384,680,384,710,واحدهای
268,680,268,710,307,680,307,710,صنفی
241,680,241,710,260,680,260,710,در
208,680,208,710,233,680,233,710,این
163,680,163,710,200,680,200,710,بخش
102,680,102,710,155,680,155,710,اجتناب
45,680,45,710,90,680,90,710,ناپذیر
538,715,538,745,575,715,575,745,است.
