562,17,562,34,585,17,585,34,28
531,65,531,95,575,65,575,95,افزود:
507,65,507,95,526,65,526,95,در
473,65,473,95,502,65,502,95,سال
422,65,422,95,468,65,468,95,گذشته
392,65,392,95,417,65,417,95,36
354,65,354,95,387,65,387,95,هزار
338,65,338,95,349,65,349,95,و
308,65,308,95,333,65,333,95,36
276,65,276,95,303,65,303,95,فقره
222,65,222,95,271,65,271,95,پرونده
163,65,163,95,217,65,217,95,ورودی
120,65,120,95,158,65,158,95,داشته
93,65,93,95,115,65,115,95,ایم
67,65,67,95,88,65,88,95,که
47,65,47,95,62,65,62,95,از
546,100,546,130,571,100,571,130,این
499,100,499,130,537,100,537,130,تعداد
465,100,465,130,490,100,490,130,36
423,100,423,130,456,100,456,130,هزار
403,100,403,130,414,100,414,130,و
371,100,371,130,394,100,394,130,95
313,100,313,130,362,100,362,130,پرونده
252,100,252,130,304,100,304,130,مختومه
213,100,213,130,243,100,243,130,شده
165,100,165,130,204,100,204,130,است،
124,100,124,130,156,100,156,130,یعنی
75,100,75,130,115,100,115,130,علاوه
45,100,45,130,59,100,59,130,بر
522,135,522,165,571,135,571,165,پرونده
482,135,482,165,513,135,513,165,های
419,135,419,165,473,135,473,165,ورودی
395,135,395,165,410,135,410,165,از
337,135,337,165,386,135,386,165,پرونده
297,135,297,165,328,135,328,165,های
222,135,222,165,288,135,288,165,موجودی
184,135,184,165,213,135,213,165,سال
149,135,149,165,175,135,175,165,قبل
120,135,120,165,140,135,140,165,نیز
88,135,88,165,111,135,111,165,59
45,135,45,165,72,135,72,165,فقره
523,170,523,200,575,170,575,200,مختومه
491,170,491,200,518,170,518,200,شد.
547,205,547,235,573,205,573,235,وی
468,205,468,235,540,205,540,235,اظهارکرد:
446,205,446,235,461,205,461,235,از
384,205,384,235,439,205,439,235,مجموع
352,205,352,235,377,205,377,235,این
296,205,296,235,345,205,345,235,پرونده
273,205,273,235,289,205,289,235,ها
255,205,255,235,266,205,266,235,با
210,205,210,235,248,205,248,235,کمک
155,205,155,235,203,205,203,235,اعضای
82,205,82,235,148,205,148,235,شوراهای
45,205,45,235,71,205,71,235,حل
518,240,518,270,573,240,573,270,اختلاف
500,240,500,270,511,240,511,270,و
446,240,446,270,493,240,493,270,سفیران
405,240,405,270,439,240,439,270,صلح
379,240,379,270,398,240,398,270,در
333,240,333,270,372,240,372,270,استان
283,240,283,270,326,240,326,270,6401
227,240,227,270,276,240,276,270,پرونده
200,240,200,270,220,240,220,270,نیز
180,240,180,270,193,240,193,270,به
122,240,122,270,173,240,173,270,مصالحه
104,240,104,270,115,240,115,270,و
63,240,63,270,97,240,97,270,صلح
45,240,45,270,56,240,56,270,و
531,275,531,305,576,275,576,305,سازش
498,275,498,305,527,275,527,305,ختم
449,275,449,305,494,275,494,305,شدند،
424,275,424,305,445,275,445,305,که
397,275,397,305,420,275,420,305,یک
344,275,344,305,393,275,393,305,پرونده
314,275,314,305,340,275,340,305,قتل
281,275,281,305,310,275,310,305,عمد
266,275,266,305,277,275,277,305,و
243,275,243,305,262,275,262,305,دو
190,275,190,305,239,275,239,305,پرونده
142,275,142,305,186,275,186,305,تهدید
125,275,125,305,138,275,138,305,به
95,275,95,305,121,275,121,305,قتل
66,275,66,305,91,275,91,305,بود
45,275,45,305,56,275,56,305,و
538,310,538,340,575,310,575,340,مابقی
484,310,484,340,533,310,533,340,دعاوی
448,310,448,340,479,310,479,340,مالی
432,310,432,340,443,310,443,340,و
370,310,370,340,427,310,427,340,درگیری
332,310,332,340,365,310,365,340,بوده
301,310,301,340,327,310,327,340,اند.
522,345,522,375,563,345,563,375,رئیس
469,345,469,375,505,345,505,375,اداره
419,345,419,375,452,345,452,375,امور
336,345,336,375,402,345,402,375,شوراهای
293,345,293,375,319,345,319,375,حل
221,345,221,375,276,345,276,375,اختلاف
165,345,165,375,204,345,204,375,استان
81,345,81,375,148,345,148,375,کهگیلویه
45,345,45,375,56,345,56,375,و
501,380,501,410,569,380,569,410,بویراحمد
419,380,419,410,490,380,490,410,خاطرنشان
373,380,373,410,408,380,408,410,کرد:
340,380,340,410,362,380,362,410,16
302,380,302,410,329,380,329,410,فقره
242,380,242,410,291,380,291,410,پرونده
183,380,183,410,231,380,231,410,قصاص
161,380,161,410,172,380,172,410,با
112,380,112,410,150,380,150,410,کمک
45,380,45,410,92,380,92,410,سفیران
528,415,528,445,568,415,568,445,صلح،
460,415,460,445,516,415,516,445,بزرگان،
411,415,411,445,448,415,448,445,ریش
343,415,343,445,399,415,399,445,سفیدان،
268,415,268,445,331,415,331,445,متنفذین،
205,415,205,445,256,415,256,445,شورای
167,415,167,445,193,415,193,445,حل
100,415,100,445,155,415,155,445,اختلاف
45,415,45,445,83,415,83,445,مستقر
554,450,554,480,573,450,573,480,در
504,450,504,480,547,450,547,480,زندان
486,450,486,480,497,450,497,480,و
427,450,427,480,479,450,479,480,حمایت
374,450,374,480,420,450,420,480,اولیای
349,450,349,480,367,450,367,480,دم
317,450,317,480,342,450,342,480,طی
296,450,296,480,310,450,310,480,3
260,450,260,480,289,450,289,480,سال
207,450,207,480,253,450,253,480,گذشته
181,450,181,480,200,450,200,480,در
131,450,131,480,174,450,174,480,مناطق
76,450,76,480,124,450,124,480,مختلف
45,450,45,480,70,450,70,480,این
536,485,536,515,575,485,575,515,استان
486,485,486,515,531,485,531,515,بررسی
470,485,470,515,481,485,481,515,و
452,485,452,515,465,485,465,515,به
413,485,413,515,447,485,447,515,صلح
397,485,397,515,408,485,408,515,و
347,485,347,515,392,485,392,515,سازش
307,485,307,515,342,485,342,515,منجر
266,485,266,515,302,485,302,515,شده،
216,485,216,515,261,485,261,515,قاتلان
159,485,159,515,211,485,211,515,بخشیده
143,485,143,515,154,485,154,515,و
123,485,123,515,138,485,138,515,از
81,485,81,515,118,485,118,515,چوبه
52,485,52,515,76,485,76,515,دار
534,520,534,550,575,520,575,550,نجات
481,520,481,550,529,520,529,550,یافتند.
517,555,517,585,572,555,572,585,ساجدی
480,555,480,585,509,555,509,585,بیان
437,555,437,585,472,555,472,585,کرد:
351,555,351,585,429,555,429,585,پرونده‌های
321,555,321,585,343,555,343,585,16
286,555,286,585,313,555,313,585,فقره
252,555,252,585,278,555,278,585,قتل
231,555,231,585,244,555,244,585,به
190,555,190,585,223,555,223,585,طور
143,555,143,585,182,555,182,585,کامل
106,555,106,585,135,555,135,585,بسته
68,555,68,585,98,555,98,585,شده
45,555,45,585,56,555,56,585,و
536,590,536,620,572,590,572,620,اعلام
474,590,474,620,528,590,528,620,رضایت
414,590,414,620,466,590,466,620,شاکیان
395,590,395,620,406,590,406,620,و
341,590,341,620,387,590,387,620,اولیای
315,590,315,620,333,590,333,620,دم
287,590,287,620,307,590,307,620,نیز
260,590,260,620,279,590,279,620,در
203,590,203,620,252,590,252,620,دستگاه
151,590,151,620,195,590,195,620,قضائی
104,590,104,620,143,590,143,620,استان
66,590,66,620,96,590,96,620,ثبت
45,590,45,620,56,590,56,620,و
530,625,530,655,575,625,575,655,قاتلان
492,625,492,655,525,625,525,655,آزاد
432,625,432,655,487,625,487,655,شده‌اند.
529,680,529,710,575,680,575,710,1700
481,680,481,710,524,680,524,710,خانوار
403,680,403,710,476,680,476,710,کرمانشاهی
349,680,349,710,398,680,398,710,خودکفا
310,680,310,710,346,680,346,710,شدند
539,715,539,745,569,715,569,745,رضا
478,715,478,745,528,715,528,745,طاهری
456,715,456,745,467,715,467,745,با
416,715,416,745,445,715,445,745,بیان
367,715,367,745,405,715,405,745,اینکه
281,715,281,745,356,715,356,745,خودکفایی
191,715,191,745,270,715,270,745,خانوارهای
128,715,128,745,180,715,180,745,مددجو
102,715,102,745,117,715,117,745,از
45,715,45,745,84,715,84,745,طریق
