561,17,561,34,585,17,585,34,48
538,85,538,115,575,85,575,115,200
507,85,507,115,533,85,533,115,لیتر
483,85,483,115,502,85,502,115,در
449,85,449,115,478,85,478,115,ثانیه
429,85,429,115,444,85,444,115,به
375,85,375,115,424,85,424,115,ظرفیت
334,85,334,115,370,85,370,115,تامین
306,85,306,115,329,85,329,115,آب
273,85,273,115,301,85,301,115,شهر
209,85,209,115,268,85,268,115,کرمانشاه
166,85,166,115,204,85,204,115,اضافه
131,85,131,115,161,85,161,115,شده
96,85,96,115,128,85,128,115,است
528,120,528,150,574,120,574,150,یوسف
460,120,460,150,522,120,522,150,اسماعیلی
435,120,435,150,454,120,454,150,در
396,120,396,150,429,120,429,150,گفت
379,120,379,150,390,120,390,150,و
350,120,350,150,373,120,373,150,گو
333,120,333,150,344,120,344,150,با
286,120,286,150,327,120,327,150,ایسنا،
269,120,269,150,280,120,280,150,با
225,120,225,150,263,120,263,150,اشاره
206,120,206,150,219,120,219,150,به
137,120,137,150,200,120,200,150,مشکلاتی
110,120,110,150,131,120,131,150,که
85,120,85,150,104,120,104,150,در
45,120,45,150,82,120,82,150,زمینه
531,155,531,185,570,155,570,185,تامین
493,155,493,185,521,155,521,185,آب
455,155,455,185,483,155,483,185,شهر
382,155,382,185,445,155,445,185,کرمانشاه
353,155,353,185,372,155,372,185,در
311,155,311,185,343,155,343,185,فصل
249,155,249,185,301,155,301,185,تابستان
196,155,196,185,239,155,239,185,وجود
145,155,145,185,186,155,186,185,داشت
124,155,124,185,135,155,135,185,و
100,155,100,185,114,155,114,185,بر
45,155,45,185,85,155,85,185,اساس
528,190,528,220,573,190,573,220,مصوبه‌
449,190,449,220,521,190,521,220,استانداری
411,190,411,220,442,190,442,220,مقرر
382,190,382,220,404,190,404,220,شد
354,190,354,220,375,190,375,220,10
317,190,317,220,347,190,347,220,حلقه
283,190,283,220,310,190,310,220,چاه
234,190,234,220,276,190,276,220,جدید
194,190,194,220,227,190,227,220,برای
149,190,149,220,187,190,187,220,کمک
129,190,129,220,142,190,142,220,به
83,190,83,220,122,190,122,220,تامین
45,190,45,220,73,190,73,220,آب
543,225,543,255,571,225,571,255,شهر
471,225,471,255,534,225,534,255,کرمانشاه
435,225,435,255,462,225,462,255,حفر
388,225,388,255,426,225,426,255,شود،
335,225,335,255,379,225,379,255,افزود:
311,225,311,255,326,225,326,255,از
277,225,277,255,302,225,302,255,این
247,225,247,255,268,225,268,255,10
208,225,208,255,238,225,238,255,حلقه
172,225,172,255,199,225,199,255,چاه
134,225,134,255,163,225,163,255,کار
77,225,77,255,125,225,125,255,حفاری
45,225,45,255,56,225,56,255,و
496,260,496,290,575,260,575,290,بهره‌برداری
476,260,476,290,491,260,491,290,از
443,260,443,290,471,260,471,290,پنج
408,260,408,290,438,260,438,290,حلقه
376,260,376,290,403,260,403,290,چاه
358,260,358,290,371,260,371,290,به
320,260,320,290,353,260,353,290,طور
276,260,276,290,315,260,315,290,کامل
234,260,234,290,271,260,271,290,انجام
199,260,199,290,229,260,229,290,شده
157,260,157,290,194,260,194,290,است.
546,295,546,325,572,295,572,325,وی
504,295,504,325,538,295,538,325,ادامه
468,295,468,325,496,295,496,325,داد:
440,295,440,325,460,295,460,325,هم
387,295,387,325,432,295,432,325,اکنون
350,295,350,325,379,295,379,325,کار
294,295,294,325,342,295,342,325,حفاری
267,295,267,325,286,295,286,325,دو
229,295,229,325,259,295,259,325,حلقه
194,295,194,325,221,295,221,325,چاه
151,295,151,325,186,295,186,325,دیگر
111,295,111,325,143,295,143,325,یکی
45,295,45,325,103,295,103,325,روبروی
501,330,501,360,570,330,570,360,بیمارستان
441,330,441,360,491,330,491,360,بیستون
420,330,420,360,431,330,431,360,و
361,330,361,360,410,330,410,360,دیگری
317,330,317,360,351,330,351,360,پشت
273,330,273,360,307,330,307,360,پارک
235,330,235,360,263,330,263,360,معلم
188,330,188,360,225,330,225,360,انجام
148,330,148,360,178,330,178,360,شده
127,330,127,360,138,330,138,360,و
98,330,98,360,117,330,117,360,در
45,330,45,360,85,330,85,360,مرحله
498,365,498,395,575,365,575,395,لوله‌گذاری
435,365,435,395,493,365,493,395,می‌باشد.
529,400,529,430,571,400,571,430,معاون
441,400,441,430,520,400,520,430,بهره‌برداری
421,400,421,430,432,400,432,430,و
370,400,370,430,412,400,412,430,توسعه
314,400,314,430,361,400,361,430,شرکت
277,400,277,430,305,400,305,430,آب
257,400,257,430,268,400,268,430,و
191,400,191,430,248,400,248,430,فاضلاب
143,400,143,430,182,400,182,430,استان
71,400,71,430,134,400,134,430,کرمانشاه
45,400,45,430,56,400,56,430,با
542,435,542,465,571,435,571,465,بیان
495,435,495,465,533,435,533,465,اینکه
439,435,439,465,486,435,486,465,بزودی
388,435,388,465,430,435,430,465,تجهیز
368,435,368,465,379,435,379,465,و
320,435,320,465,359,435,359,465,تامین
285,435,285,465,311,435,311,465,برق
235,435,235,465,276,435,276,465,چاه‌ها
215,435,215,465,226,435,226,465,با
145,435,145,465,206,435,206,465,همکاری
89,435,89,465,136,435,136,465,شرکت
45,435,45,465,71,435,71,465,برق
535,470,535,500,572,470,572,500,انجام
478,470,478,500,527,470,527,500,خواهد
441,470,441,500,470,470,470,500,شد،
333,470,333,500,433,470,433,500,ابرازامیدواری
295,470,295,500,325,470,325,500,کرد
276,470,276,500,287,470,287,500,با
189,470,189,500,268,470,268,500,بهره‌برداری
166,470,166,500,181,470,181,500,از
133,470,133,500,158,470,158,500,این
106,470,106,500,125,470,125,500,دو
71,470,71,500,98,470,98,500,چاه
45,470,45,500,58,470,58,500,تا
529,505,529,535,572,505,572,535,حدود
502,505,502,535,521,505,521,535,دو
465,505,465,535,494,505,494,535,هفته
415,505,415,535,457,505,457,535,آینده
362,505,362,535,407,505,407,535,نزدیک
341,505,341,535,354,505,354,535,به
310,505,310,535,333,505,333,535,40
276,505,276,535,302,505,302,535,لیتر
249,505,249,535,268,505,268,535,در
209,505,209,535,241,505,241,535,ثانیه
173,505,173,535,201,505,201,535,آب
131,505,131,535,165,505,165,535,وارد
89,505,89,535,123,505,123,535,مدار
45,505,45,535,73,505,73,535,شهر
512,540,512,570,575,540,575,570,کرمانشاه
471,540,471,570,507,540,507,570,شود.
511,575,511,605,573,575,573,605,اسماعیلی
433,575,433,605,504,575,504,605,خاطرنشان
391,575,391,605,426,575,426,605,کرد:
369,575,369,605,384,575,384,605,از
312,575,312,605,362,575,362,605,ظرفیت
280,575,280,605,305,575,305,605,این
254,575,254,605,273,575,273,605,دو
220,575,220,605,247,575,247,605,چاه
180,575,180,605,213,575,213,605,برای
134,575,134,605,173,575,173,605,تامین
99,575,99,605,127,575,127,605,آب
45,575,45,605,88,575,88,605,مناطق
552,610,552,640,575,610,575,640,یک
536,610,536,640,547,610,547,640,و
512,610,512,640,531,610,531,640,دو
479,610,479,640,507,610,507,640,شهر
411,610,411,640,474,610,474,640,کرمانشاه
357,610,357,640,406,610,406,640,استفاده
303,610,303,640,352,610,352,640,خواهد
271,610,271,640,298,610,298,640,شد.
544,645,544,675,570,645,570,675,وی
479,645,479,675,534,645,534,675,مجموع
430,645,430,675,469,645,469,675,تامین
392,645,392,675,420,645,420,675,آبی
361,645,361,675,382,645,382,675,که
336,645,336,675,351,645,351,675,از
287,645,287,675,326,645,326,675,طریق
252,645,252,675,277,645,277,675,این
210,645,210,675,242,645,242,675,هفت
170,645,170,675,200,645,200,675,حلقه
133,645,133,675,160,645,160,675,چاه
90,645,90,675,123,645,123,675,برای
45,645,45,675,73,645,73,675,شهر
512,680,512,710,575,680,575,710,کرمانشاه
454,680,454,710,507,680,507,710,صورت
395,680,395,710,449,680,449,710,می‌گیرد
374,680,374,710,390,680,390,710,را
326,680,326,710,369,680,369,710,حدود
288,680,288,710,321,680,321,710,200
257,680,257,710,283,680,283,710,لیتر
233,680,233,710,252,680,252,710,در
196,680,196,710,228,680,228,710,ثانیه
155,680,155,710,191,680,191,710,اعلام
115,680,115,710,150,680,150,710,کرد.
528,715,528,745,570,715,570,745,معاون
439,715,439,745,518,715,518,745,بهره‌برداری
418,715,418,745,429,715,429,745,و
366,715,366,745,408,715,408,745,توسعه
309,715,309,745,356,715,356,745,شرکت
271,715,271,745,299,715,299,745,آب
250,715,250,745,261,715,261,745,و
183,715,183,745,240,715,240,745,فاضلاب
145,715,145,745,173,715,173,745,شهر
72,715,72,745,135,715,135,745,کرمانشاه
45,715,45,745,56,715,56,745,با
