563,17,563,34,585,17,585,34,92
542,65,542,95,573,65,573,95,های
506,65,506,95,535,65,535,95,هفته
445,65,445,95,499,65,499,95,پژوهش
402,65,402,95,438,65,438,95,شکل
340,65,340,95,395,65,395,95,متفاوتی
293,65,293,95,333,65,333,95,گرفته
275,65,275,95,286,65,286,95,و
235,65,235,95,268,65,268,95,برای
190,65,190,95,228,65,228,95,اولین
162,65,162,95,183,65,183,95,بار
142,65,142,95,155,65,155,95,به
99,65,99,95,135,65,135,95,شکل
45,65,45,95,95,65,95,95,مجازی
529,100,529,130,575,100,575,130,برگزار
475,100,475,130,524,100,524,130,خواهد
443,100,443,130,470,100,470,130,شد.
536,135,536,165,571,135,571,165,مدیر
494,135,494,165,527,135,527,165,امور
428,135,428,165,485,135,485,165,پژوهشی
366,135,366,165,419,135,419,165,دانشگاه
318,135,318,165,357,135,357,165,رازی
250,135,250,165,309,135,309,165,مهمترین
202,135,202,165,241,135,241,165,برنامه
164,135,164,165,193,135,193,165,هفته
101,135,101,165,155,135,155,165,پژوهش
45,135,45,165,85,135,85,165,امسال
555,170,555,200,571,170,571,200,را
504,170,504,200,546,170,546,200,معرفی
416,170,416,200,495,170,495,200,پژوهشگران
396,170,396,200,407,170,407,200,و
333,170,333,200,387,170,387,200,فناوران
295,170,295,200,324,170,324,200,برتر
247,170,247,200,286,170,286,200,استان
192,170,192,200,238,170,238,200,دانست
172,170,172,200,183,170,183,200,و
91,170,91,200,163,170,163,200,اظهارکرد:
45,170,45,200,75,170,75,200,طبق
534,205,534,235,573,205,573,235,برنامه
487,205,487,235,527,205,527,235,ریزی
443,205,443,235,480,205,480,235,انجام
400,205,400,235,436,205,436,235,شده،
368,205,368,235,393,205,393,235,این
320,205,320,235,361,205,361,235,مراسم
258,205,258,235,313,205,313,235,پنجشنبه
222,205,222,235,251,205,251,235,هفته
173,205,173,235,215,205,215,235,آینده
147,205,147,235,166,205,166,235,در
90,205,90,235,140,205,140,235,آخرین
45,205,45,235,75,205,75,235,روز
539,240,539,270,568,240,568,270,هفته
473,240,473,270,527,240,527,270,پژوهش
450,240,450,270,461,240,461,270,با
391,240,391,270,438,240,438,270,حضور
321,240,321,270,379,240,379,270,استاندار
246,240,246,270,309,240,309,270,کرمانشاه
223,240,223,270,234,240,234,270,و
160,240,160,270,211,240,211,270,روسای
95,240,95,270,148,240,148,270,دانشگاه
45,240,45,270,76,240,76,270,های
536,275,536,305,575,275,575,305,استان
518,275,518,305,531,275,531,305,به
477,275,477,305,513,275,513,305,شکل
422,275,422,305,472,275,472,305,مجازی
371,275,371,305,417,275,417,305,برگزار
345,275,345,305,366,275,366,305,می
304,275,304,305,340,275,340,305,شود.
547,310,547,340,573,310,573,340,وی
525,310,525,340,540,310,540,340,از
476,310,476,340,518,310,518,340,معرفی
446,310,446,340,469,310,469,340,49
420,310,420,340,439,310,439,340,نفر
398,310,398,340,413,310,413,340,از
312,310,312,340,391,310,391,340,پژوهشگران
294,310,294,340,305,310,305,340,و
233,310,233,340,287,310,287,340,فناوران
197,310,197,340,226,310,226,340,برتر
151,310,151,340,190,310,190,340,استان
125,310,125,340,144,310,144,340,در
93,310,93,340,118,310,118,340,این
45,310,45,340,86,310,86,340,مراسم
523,345,523,375,573,345,573,375,خبرداد
505,345,505,375,516,345,516,375,و
460,345,460,375,498,345,498,375,گفت:
410,345,410,375,453,345,453,375,حدود
380,345,380,375,403,345,403,375,یک
342,345,342,375,373,345,373,375,سوم
320,345,320,375,335,345,335,375,از
234,345,234,375,313,345,313,375,پژوهشگران
216,345,216,375,227,345,227,375,و
155,345,155,375,209,345,209,375,فناوران
105,345,105,375,148,345,148,375,برتری
77,345,77,375,98,345,98,375,که
45,345,45,375,64,345,64,375,در
549,380,549,410,574,380,574,410,این
502,380,502,410,543,380,543,410,مراسم
454,380,454,410,496,380,496,410,معرفی
427,380,427,410,448,380,448,410,می
376,380,376,410,421,380,421,410,شوند،
355,380,355,410,370,380,370,410,از
300,380,300,410,349,380,349,410,دستگاه
263,380,263,410,294,380,294,410,های
207,380,207,410,257,380,257,410,اجرایی
153,380,153,410,201,380,201,410,مختلف
136,380,136,410,147,380,147,410,و
93,380,93,410,130,380,130,410,مابقی
67,380,67,410,87,380,87,410,هم
45,380,45,410,60,380,60,410,از
535,415,535,445,575,415,575,445,جامعه
463,415,463,445,530,415,530,445,دانشگاهی
419,415,419,445,458,415,458,445,استان
366,415,366,445,414,415,414,445,هستند.
525,450,525,480,574,450,574,480,باتوجه
506,450,506,480,519,450,519,480,به
462,450,462,480,500,450,500,480,اینکه
437,450,437,480,456,450,456,480,در
390,450,390,480,431,450,431,480,مراسم
355,450,355,480,384,450,384,480,هفته
295,450,295,480,349,450,349,480,پژوهش
260,450,260,480,289,450,289,480,سال
208,450,208,480,254,450,254,480,گذشته
183,450,183,480,202,450,202,480,در
138,450,138,480,177,450,177,480,استان
117,450,117,480,132,450,132,480,از
88,450,88,480,111,450,111,480,60
63,450,63,480,82,450,82,480,نفر
45,450,45,480,60,450,60,480,از
492,485,492,515,571,485,571,515,پژوهشگران
472,485,472,515,483,485,483,515,و
409,485,409,515,463,485,463,515,فناوران
371,485,371,515,400,485,400,515,برتر
320,485,320,515,362,485,362,515,تجلیل
282,485,282,515,311,485,311,515,شد،
248,485,248,515,273,485,273,515,این
192,485,192,515,239,485,239,515,مسئول
107,485,107,515,183,485,183,515,درخصوص
45,485,45,515,91,485,91,515,چرایی
524,520,524,550,572,520,572,550,کاهش
491,520,491,550,516,520,516,550,این
445,520,445,550,483,520,483,550,تعداد
417,520,417,550,437,520,437,550,هم
333,520,333,550,409,520,409,550,توضیحاتی
293,520,293,550,325,520,325,550,ارائه
262,520,262,550,285,520,285,550,داد
199,520,199,550,254,520,254,550,وافزود:
151,520,151,550,191,520,191,550,امسال
104,520,104,550,143,520,143,550,تلاش
45,520,45,550,92,520,92,550,کردیم
561,555,561,585,574,555,574,585,تا
520,555,520,585,555,555,555,585,روی
467,555,467,585,514,555,514,585,کیفیت
425,555,425,585,461,555,461,585,بیشتر
378,555,378,585,419,555,419,585,تاکید
334,555,334,585,372,555,372,585,داشته
291,555,291,585,328,555,328,585,باشیم
274,555,274,585,285,555,285,585,و
253,555,253,585,268,555,268,585,از
210,555,210,585,247,555,247,585,سوی
169,555,169,585,204,555,204,585,دیگر
110,555,110,585,163,555,163,585,براساس
45,555,45,585,97,555,97,585,شاخص
539,590,539,620,575,590,575,620,هایی
513,590,513,620,534,590,534,620,که
489,590,489,620,508,590,508,620,در
461,590,461,620,484,590,484,620,نظر
416,590,416,620,456,590,456,620,گرفته
363,590,363,620,411,590,411,620,بودیم،
333,590,333,620,358,590,358,620,فقط
305,590,305,620,328,590,328,620,49
281,590,281,620,300,590,300,620,نفر
260,590,260,620,276,590,276,620,را
195,590,195,620,255,590,255,620,توانستیم
177,590,177,620,190,590,190,620,به
129,590,129,620,172,590,172,620,عنوان
61,590,61,620,124,590,124,620,پژوهشگر
45,590,45,620,56,590,56,620,و
537,625,537,655,575,625,575,655,فناور
503,625,503,655,532,625,532,655,برتر
456,625,456,655,498,625,498,655,معرفی
412,625,412,655,451,625,451,655,کنیم.
492,660,492,690,571,660,571,690,چقامیرزایی
431,660,431,690,483,660,483,690,یادآور
400,660,400,690,422,660,422,690,شد
358,660,358,690,391,660,391,690,پیش
334,660,334,690,349,660,349,690,از
265,660,265,690,325,660,325,690,برگزاری
231,660,231,690,256,660,256,690,این
175,660,175,690,222,660,222,690,مراسم،
141,660,141,690,166,660,166,690,طی
79,660,79,690,132,660,132,690,مراسمی
45,660,45,690,65,660,65,690,هم
554,695,554,725,573,695,573,725,در
494,695,494,725,547,695,547,725,دانشگاه
448,695,448,725,487,695,487,725,رازی
426,695,426,725,441,695,441,725,از
395,695,395,725,419,695,419,725,30
369,695,369,725,388,695,388,725,نفر
347,695,347,725,362,695,362,725,از
261,695,261,725,340,695,340,725,پژوهشگران
243,695,243,725,254,695,254,725,و
182,695,182,725,236,695,236,725,فناوران
146,695,146,725,175,695,175,725,برتر
114,695,114,725,139,695,139,725,این
45,695,45,725,98,695,98,725,دانشگاه
