560,17,560,34,585,17,585,34,33
533,65,533,95,574,65,574,95,قانون
483,65,483,95,527,65,527,95,اساسی
437,65,437,95,477,65,477,95,دولت
389,65,389,95,431,65,431,95,مکلف
353,65,353,95,383,65,383,95,شده
326,65,326,95,347,65,347,95,که
255,65,255,95,320,65,320,95,ساختارها
238,65,238,95,249,65,249,95,و
171,65,171,95,232,65,232,95,اقداماتی
149,65,149,95,165,65,165,95,را
106,65,106,95,143,65,143,95,انجام
71,65,71,95,100,65,100,95,دهد
45,65,45,95,56,65,56,95,و
544,100,544,130,575,100,575,130,کلیه
496,100,496,130,539,100,539,130,نهادها
462,100,462,130,491,100,491,130,باید
424,100,424,130,457,100,457,130,برای
383,100,383,130,419,100,419,130,تحقق
337,100,337,130,378,100,378,130,قانون
288,100,288,130,332,100,332,130,اساسی
244,100,244,130,283,100,283,130,تلاش
198,100,198,130,239,100,239,130,کنند.
527,135,527,165,566,135,566,165,واعظ
461,135,461,165,513,135,513,165,مهدوی
413,135,413,165,447,135,447,165,ادامه
371,135,371,165,399,135,399,165,داد:
344,135,344,165,357,135,357,165,به
260,135,260,165,330,135,330,165,هرصورت
205,135,205,165,246,135,246,165,لایحه
162,135,162,165,191,135,191,165,نظام
107,135,107,165,148,135,148,165,جامع
45,135,45,165,84,135,84,165,تامین
515,170,515,200,575,170,575,200,اجتماعی
462,170,462,200,510,170,510,200,تدوین
435,170,435,200,457,170,457,200,شد
419,170,419,200,430,170,430,200,و
379,170,379,200,414,170,414,200,شاید
343,170,343,200,374,170,374,200,بیش
323,170,323,200,338,170,338,200,از
296,170,296,200,318,170,318,200,20
256,170,256,200,291,170,291,200,جلسه
232,170,232,200,251,170,251,200,در
187,170,187,200,227,170,227,200,دولت
147,170,147,200,182,170,182,200,وقت
123,170,123,200,142,170,142,200,در
92,170,92,200,118,170,118,200,دهه
64,170,64,200,87,170,87,200,70
40,170,40,200,59,170,59,200,در
526,205,526,235,572,205,572,235,دستور
489,205,489,235,518,205,518,235,کار
470,205,470,235,481,205,481,235,و
417,205,417,235,462,205,462,235,بررسی
379,205,379,235,409,205,409,235,قرار
323,205,323,235,371,205,371,235,گرفت.
296,205,296,235,315,205,315,235,در
245,205,245,235,288,205,288,235,نهایت
196,205,196,235,237,205,237,235,قانون
175,205,175,235,188,205,188,235,به
112,205,112,235,167,205,167,235,تصویب
67,205,67,235,104,205,104,235,رسید
45,205,45,235,56,205,56,235,و
539,240,539,270,572,240,572,270,مواد
483,240,483,270,531,240,531,270,مختلف
453,240,453,270,475,240,475,270,آن
394,240,394,270,445,240,445,270,سازمان
336,240,336,270,386,240,386,270,اجرایی
284,240,284,270,328,240,328,270,کشور
260,240,260,270,276,240,276,270,را
214,240,214,270,252,240,252,270,جهت
185,240,185,270,206,240,206,270,می
143,240,143,270,177,240,177,270,دهد.
95,240,95,270,135,240,135,270,هدف
45,240,45,270,84,240,84,270,نهایی
510,275,510,305,569,275,569,305,اقدامات
459,275,459,305,499,275,499,305,دولت
415,275,415,305,448,275,448,305,بهینه
363,275,363,305,404,275,404,305,سازی
305,275,305,305,352,275,352,305,سطوح
249,275,249,305,294,275,294,305,رفاهی
227,275,227,305,238,275,238,305,و
177,275,177,305,216,275,216,305,تامین
110,275,110,305,166,275,166,305,نیازهای
45,275,45,305,89,275,89,305,اساسی
535,310,535,340,568,310,568,340,برای
483,310,483,340,523,310,523,340,جامعه
434,310,434,340,471,310,471,340,است.
408,310,408,340,422,310,422,340,بر
371,310,371,340,396,310,396,340,این
319,310,319,340,359,310,359,340,اساس
280,310,280,340,307,310,307,340,همه
213,310,213,340,268,310,268,340,اهداف،
134,310,134,340,201,310,201,340,ابزارهایی
79,310,79,340,122,310,122,340,هستند
45,310,45,340,58,310,58,340,تا
500,345,500,375,570,345,570,375,شهروندان
477,345,477,375,490,345,490,375,به
422,345,422,375,467,345,467,375,سطحی
397,345,397,375,412,345,412,375,از
356,345,356,375,387,345,387,375,رفاه
286,345,286,375,346,345,346,375,اجتماعی
240,345,240,375,276,345,276,375,دست
195,345,195,375,230,345,230,375,یابند
164,345,164,375,185,345,185,375,که
139,345,139,375,154,345,154,375,از
97,345,97,375,129,345,129,375,منظر
45,345,45,375,82,345,82,375,بینش
525,380,525,410,573,380,573,410,اسلامی
498,380,498,410,518,380,518,410,نیز
452,380,452,410,491,380,491,410,مقدمه
425,380,425,410,445,380,445,410,ای
385,380,385,410,418,380,418,410,برای
347,380,347,410,378,380,378,410,رشد
329,380,329,410,340,380,340,410,و
282,380,282,410,322,380,322,410,کمال
231,380,231,410,275,380,275,410,انسانی
187,380,187,410,224,380,224,410,است.
125,380,125,410,180,380,180,410,بنابراین
81,380,81,410,118,380,118,410,بسیار
45,380,45,410,71,380,71,410,مهم
541,415,541,445,573,415,573,445,است
513,415,513,445,534,415,534,445,که
487,415,487,445,506,415,506,445,در
400,415,400,445,480,415,480,445,ساختارهای
333,415,333,445,393,415,393,445,اجتماعی
287,415,287,445,326,415,326,445,ببینیم
240,415,240,445,280,415,280,445,هدف
187,415,187,445,233,415,233,445,چیست
169,415,169,445,180,415,180,445,و
129,415,129,445,162,415,162,445,برای
73,415,73,445,122,415,122,445,رسیدن
45,415,45,445,58,415,58,445,به
535,450,535,480,575,450,575,480,هدف
471,450,471,480,530,450,530,480,اقدامات
433,450,433,480,466,450,466,480,خود
412,450,412,480,428,450,428,480,را
370,450,370,480,407,450,407,480,انجام
327,450,327,480,365,450,365,480,دهیم.
546,485,546,515,572,485,572,515,وی
527,485,527,515,538,485,538,515,با
490,485,490,515,519,485,519,515,بیان
444,485,444,515,482,485,482,515,اینکه
389,485,389,515,436,485,436,515,ثمرات
370,485,370,515,381,485,381,515,و
273,485,273,515,362,485,362,515,دستاوردهای
182,485,182,515,265,485,265,515,برخورداری
121,485,121,515,174,485,174,515,همگانی
100,485,100,515,113,485,113,515,به
45,485,45,515,87,485,87,515,خوبی
554,520,554,550,573,520,573,550,در
506,520,506,550,547,520,547,550,قانون
455,520,455,550,499,520,499,550,اساسی
411,520,411,550,448,520,448,550,مورد
366,520,366,550,404,520,404,550,اشاره
329,520,329,550,359,520,359,550,قرار
282,520,282,550,322,520,322,550,گرفته
243,520,243,550,275,520,275,550,است
198,520,198,550,236,520,236,550,گفت:
149,520,149,550,191,520,191,550,اصول
101,520,101,550,142,520,142,550,قانون
45,520,45,550,89,520,89,550,اساسی
540,555,540,585,573,555,573,585,برای
483,555,483,585,533,555,533,585,اجرایی
436,555,436,585,476,555,476,585,شدن،
416,555,416,585,429,555,429,585,به
368,555,368,585,409,555,409,585,قانون
332,555,332,585,361,555,361,585,نظام
284,555,284,585,325,555,325,585,جامع
238,555,238,585,277,555,277,585,تامین
171,555,171,585,231,555,231,585,اجتماعی
120,555,120,585,164,555,164,585,تبدیل
83,555,83,585,113,555,113,585,شده
65,555,65,585,76,555,76,585,و
45,555,45,585,60,555,60,585,از
525,590,525,620,572,590,572,620,ارزنده
482,590,482,620,517,590,517,620,ترین
427,590,427,620,474,590,474,620,قوانین
375,590,375,620,419,590,419,620,کشور
330,590,330,620,367,590,367,620,است.
303,590,303,620,322,590,322,620,در
254,590,254,620,295,590,295,620,قانون
217,590,217,620,246,590,246,620,نظام
168,590,168,620,209,590,209,620,جامع
110,590,110,620,160,590,160,620,تصریح
72,590,72,620,102,590,102,620,شده
45,590,45,620,66,590,66,620,که
543,625,543,655,572,625,572,655,نظام
498,625,498,655,535,625,535,655,شامل
471,625,471,655,490,625,490,655,سه
428,625,428,655,463,625,463,655,سطح
358,625,358,655,420,625,420,655,مساعدت
319,625,319,655,350,625,350,655,های
244,625,244,655,311,625,311,655,اجتماعی،
208,625,208,655,236,625,236,655,بیمه
189,625,189,655,200,625,200,655,و
153,625,153,655,181,625,181,655,بیمه
114,625,114,655,145,625,145,655,های
45,625,45,655,96,625,96,655,تکمیلی
541,660,541,690,573,660,573,690,است
523,660,523,690,534,660,534,690,و
487,660,487,690,516,660,516,690,لایه
418,660,418,690,480,660,480,690,مساعدت
351,660,351,690,411,660,411,690,اجتماعی
315,660,315,690,344,660,344,690,باید
295,660,295,690,308,660,308,690,به
251,660,251,690,288,660,288,690,سمت
202,660,202,690,244,660,244,690,توسعه
166,660,166,690,195,660,195,690,نظام
131,660,131,690,159,660,159,690,بیمه
104,660,104,690,124,660,124,690,ای
45,660,45,690,94,660,94,690,حرکت
540,695,540,725,575,695,575,725,کند.
