563,17,563,34,585,17,585,34,17
529,65,529,95,575,65,575,95,پایدار
490,65,490,95,524,65,524,95,شدن
440,65,440,95,485,65,485,95,اشتغال
405,65,405,95,435,65,435,95,قبلی
381,65,381,95,400,65,400,95,در
339,65,339,95,376,65,376,95,بخش
262,65,262,95,334,65,334,95,کشاورزی
241,65,241,95,257,65,257,95,را
216,65,216,95,236,65,236,95,نیز
157,65,157,95,211,65,211,95,خواهیم
106,65,106,95,152,65,152,95,داشت.
546,100,546,130,572,100,572,130,وی
523,100,523,130,538,100,538,130,از
472,100,472,130,515,100,515,130,سامانه
399,100,399,130,464,100,464,130,گرمسیری
378,100,378,130,391,100,391,130,به
327,100,327,130,370,100,370,130,عنوان
287,100,287,130,319,100,319,130,یکی
208,100,208,130,279,100,279,130,پروژه‌های
166,100,166,130,200,100,200,130,عظیم
130,100,130,130,158,100,158,130,آبی
78,100,78,130,122,100,122,130,کشور
45,100,45,130,67,100,67,130,یاد
542,135,542,165,572,135,572,165,کرد
523,135,523,165,534,135,534,165,و
471,135,471,165,515,135,515,165,افزود:
423,135,423,165,463,135,463,165,دولت
377,135,377,165,415,135,415,165,تدبیر
358,135,358,165,369,135,369,165,و
321,135,321,165,350,135,350,165,امید
269,135,269,165,313,135,313,165,اهتمام
208,135,208,165,261,135,261,165,ویژه‌ای
187,135,187,165,200,135,200,165,به
134,135,134,165,179,135,179,165,اجرای
101,135,101,165,126,135,126,165,این
45,135,45,165,87,135,87,165,پروژه
536,170,536,200,574,170,574,200,داشته
519,170,519,200,530,170,530,200,و
488,170,488,200,513,170,513,200,طی
463,170,463,200,482,170,482,200,سه
428,170,428,200,457,170,457,200,سال
390,170,390,200,422,170,422,200,اخیر
348,170,348,200,384,170,384,200,روند
297,170,297,200,342,170,342,200,اجرای
248,170,248,200,291,170,291,200,سامانه
177,170,177,200,242,170,242,200,گرمسیری
134,170,134,200,171,170,171,200,بسیار
97,170,97,200,128,170,128,200,رشد
45,170,45,200,83,170,83,200,کرده
538,205,538,235,575,205,575,235,است.
557,240,557,270,570,240,570,270,به
517,240,517,270,547,240,547,270,گفته
465,240,465,270,507,240,507,270,معاون
392,240,392,270,455,240,455,270,هماهنگی
349,240,349,270,382,240,382,270,امور
278,240,278,270,339,240,339,270,اقتصادی
196,240,196,270,268,240,268,270,استانداری
117,240,117,270,186,240,186,270,کرمانشاه،
82,240,82,270,107,240,107,270,فقط
45,240,45,270,64,240,64,270,در
543,275,543,305,572,275,572,305,سال
492,275,492,305,535,275,535,305,جاری
473,275,473,305,484,275,484,305,و
454,275,454,305,465,275,465,305,با
403,275,403,305,446,275,446,305,وجود
368,275,368,305,395,275,395,305,همه
312,275,312,305,360,275,360,305,کمبود
264,275,264,305,304,275,304,305,منابع
225,275,225,305,256,275,256,305,مالی
196,275,196,305,217,275,217,305,که
148,275,148,305,188,275,188,305,داریم
106,275,106,305,140,275,140,305,800
45,275,45,305,93,275,93,305,میلیارد
532,310,532,340,575,310,575,340,تومان
494,310,494,340,527,310,527,340,برای
444,310,444,340,489,310,489,340,اجرای
396,310,396,340,439,310,439,340,سامانه
326,310,326,340,391,310,391,340,گرمسیری
276,310,276,340,321,310,321,340,بودجه
210,310,210,340,271,310,271,340,تخصیص
171,310,171,340,205,310,205,340,یافته
129,310,129,340,166,310,166,340,است.
523,345,523,375,571,345,571,375,حاتمی
474,345,474,375,514,345,514,375,اظهار
430,345,430,375,465,345,465,375,کرد:
396,345,396,375,421,345,421,375,این
345,345,345,375,387,345,387,375,پروژه
295,345,295,375,336,345,336,375,آنقدر
240,345,240,375,286,345,286,375,اهمیت
190,345,190,375,231,345,231,375,داشت
160,345,160,375,181,345,181,375,که
105,345,105,375,151,345,151,375,شخص
45,345,45,375,86,345,86,375,رئیس
524,380,524,410,575,380,575,410,جمهور
483,380,483,410,519,380,519,410,روند
433,380,433,410,478,380,478,410,اجرای
406,380,406,410,428,380,428,410,آن
385,380,385,410,401,380,401,410,را
367,380,367,410,380,380,380,410,به
309,380,309,410,362,380,362,410,صورت
260,380,260,410,304,380,304,410,هفتگی
220,380,220,410,255,380,255,410,رصد
161,380,161,410,215,380,215,410,می‌کرد.
547,415,547,445,573,415,573,445,وی
521,415,521,445,540,415,540,445,در
480,415,480,445,514,415,514,445,ادامه
462,415,462,445,473,415,473,445,با
426,415,426,445,455,415,455,445,بیان
381,415,381,445,419,415,419,445,اینکه
344,415,344,445,374,415,374,445,قرار
305,415,305,445,337,415,337,445,است
258,415,258,445,298,415,298,445,امسال
232,415,232,445,251,415,251,445,در
186,415,186,445,225,415,225,445,استان
116,415,116,445,179,415,179,445,کرمانشاه
85,415,85,445,109,415,109,445,30
45,415,45,445,78,415,78,445,هزار
527,450,527,480,571,450,571,480,هکتار
503,450,503,480,518,450,518,480,از
448,450,448,480,494,450,494,480,اراضی
367,450,367,480,439,450,439,480,کشاورزی
314,450,314,480,358,450,358,480,تبدیل
292,450,292,480,305,450,305,480,به
237,450,237,480,283,450,283,480,اراضی
200,450,200,480,228,450,228,480,آبی
151,450,151,480,191,450,191,480,مدرن
97,450,97,480,142,450,142,480,شوند،
45,450,45,480,89,450,89,480,افزود:
559,485,559,515,574,485,574,515,از
528,485,528,515,553,485,553,515,این
483,485,483,515,522,485,522,515,میزان
454,485,454,515,477,485,477,515,23
415,485,415,515,448,485,448,515,هزار
365,485,365,515,409,485,409,515,هکتار
340,485,340,515,359,485,359,515,در
300,485,300,515,334,485,334,515,قالب
251,485,251,515,294,485,294,515,سامانه
180,485,180,515,245,485,245,515,گرمسیری
155,485,155,515,174,485,174,515,در
114,485,114,515,149,485,149,515,غرب
69,485,69,515,108,485,108,515,استان
45,485,45,515,56,485,56,515,و
537,520,537,550,574,520,574,550,مابقی
512,520,512,550,531,520,531,550,در
471,520,471,550,506,520,506,550,دیگر
435,520,435,550,465,520,465,550,نقاط
390,520,390,550,429,520,429,550,استان
349,520,349,550,384,520,384,550,دیده
313,520,313,550,343,520,343,550,شده
286,520,286,550,307,520,307,550,که
229,520,229,550,280,520,280,550,عملکرد
181,520,181,550,223,520,223,550,خوبی
156,520,156,550,175,520,175,550,در
109,520,109,550,150,520,150,550,حوزه
45,520,45,550,96,520,96,550,آبیاری
535,555,535,585,575,555,575,585,مدرن
493,555,493,585,530,555,530,585,است.
537,610,537,640,567,610,567,640,14
470,610,470,640,524,610,524,640,قرارداد
398,610,398,640,457,610,457,640,واگذاری
366,610,366,640,385,610,385,640,در
317,610,317,640,353,610,353,640,ناحیه
259,610,259,640,304,610,304,640,صنعتی
210,610,210,640,246,610,246,640,رضی
158,610,158,640,197,610,197,640,آماده
45,610,45,640,134,610,134,640,سرمایه‌گذاری
545,645,545,675,586,645,586,675,است
540,680,540,710,571,680,571,710,اکبر
475,680,475,710,531,680,531,710,بهنامجو
445,680,445,710,466,680,466,710,19
381,680,381,710,436,680,436,710,شهریور
353,680,353,710,372,680,372,710,در
303,680,303,710,344,680,344,710,مراسم
255,680,255,710,294,680,294,710,افتتح
181,680,181,710,246,680,246,710,طرح‌های
125,680,125,710,172,680,172,710,تعاونی
97,680,97,710,116,680,116,710,در
45,680,45,710,82,680,82,710,ناحیه
528,715,528,745,574,715,574,745,صنعتی
485,715,485,745,522,715,522,745,رضی
466,715,466,745,479,715,479,745,به
407,715,407,745,460,715,460,745,مناسبت
372,715,372,745,401,715,401,745,هفته
325,715,325,745,366,715,366,745,تعاون
279,715,279,745,319,715,319,745,اظهار
238,715,238,745,273,715,273,745,کرد:
192,715,192,745,232,715,232,745,امروز
167,715,167,745,186,715,186,745,در
136,715,136,745,161,715,161,745,این
91,715,91,745,130,715,130,745,شهرک
45,715,45,745,82,715,82,745,شاهد
